-4.729086303710937500e+02
-8.186416015625000000e+02
-6.624672851562500000e+02
-4.495353393554687500e+02
-2.370246582031250000e+02
-3.687461547851562500e+02
-7.436007080078125000e+02
-1.539036407470703125e+02
-3.031152038574218750e+02
-1.569077758789062500e+02
-1.763044433593750000e+02
-1.482577514648437500e+02
-2.086532440185546875e+02
-3.005707702636718750e+02
-3.602553710937500000e+02
-4.441753845214843750e+02
-5.604177246093750000e+02
-3.583590698242187500e+02
-3.935786437988281250e+02
-4.036663208007812500e+02
-4.631744079589843750e+02
-4.680126342773437500e+02
-2.888627929687500000e+02
-1.815339508056640625e+02
-3.376703491210937500e+02
-2.222884521484375000e+02
-3.004906921386718750e+02
-1.818395690917968750e+02
-2.023753967285156250e+02
-2.205536651611328125e+02
-1.852619628906250000e+02
-1.239987335205078125e+02
-1.650252380371093750e+02
-2.544934387207031250e+02
-2.913257751464843750e+02
-2.817016906738281250e+02
-2.737087402343750000e+02
-1.132843856811523438e+02
-1.812627868652343750e+02
-2.081399230957031250e+02
-9.598550415039062500e+01
-1.555701446533203125e+02
-2.104927978515625000e+02
-2.122324676513671875e+02
-1.489255065917968750e+02
-1.929261169433593750e+02
-2.438603057861328125e+02
-1.447939453125000000e+02
-1.774530944824218750e+02
-1.512821350097656250e+02
-2.563431396484375000e+02
-1.279742431640625000e+02
-7.419896697998046875e+01
-1.210175552368164062e+02
-2.219120178222656250e+02
-2.042888183593750000e+02
-9.206094360351562500e+01
-1.346989593505859375e+02
-1.425330657958984375e+02
-2.861059570312500000e+02
-1.016779708862304688e+02
-1.187094955444335938e+02
-7.903910827636718750e+01
-1.315042572021484375e+02
-1.450925598144531250e+02
-2.289423522949218750e+02
-2.714922485351562500e+02
-1.416609954833984375e+02
-1.712118988037109375e+02
-2.220124511718750000e+02
-2.357938690185546875e+02
-1.280249938964843750e+02
-1.652191467285156250e+02
-2.040351104736328125e+02
-2.017375488281250000e+02
-2.501941375732421875e+02
-1.964266510009765625e+02
-1.729557647705078125e+02
-1.822454528808593750e+02
-1.598361206054687500e+02
-1.928722229003906250e+02
-1.793152160644531250e+02
-1.325782318115234375e+02
-1.907156372070312500e+02
-2.296466827392578125e+02
-1.586422119140625000e+02
-1.734659118652343750e+02
-1.572434387207031250e+02
-1.663016204833984375e+02
-1.880078735351562500e+02
-1.395913848876953125e+02
-2.092543029785156250e+02
-2.215271911621093750e+02
-1.289678955078125000e+02
-1.431399993896484375e+02
-1.769577178955078125e+02
-1.338983612060546875e+02
-1.788527526855468750e+02
-9.874797058105468750e+01
-1.540289916992187500e+02
-1.760727539062500000e+02
-1.341030120849609375e+02
-1.373870544433593750e+02
-1.929546356201171875e+02
-2.037207183837890625e+02
-1.992917175292968750e+02
-1.193206787109375000e+02
-1.969817810058593750e+02
-1.296677551269531250e+02
-2.744613037109375000e+02
-9.383872985839843750e+01
-1.046198272705078125e+02
-1.017864608764648438e+02
-9.993571472167968750e+01
-2.234638366699218750e+02
-9.654483032226562500e+01
-1.480414276123046875e+02
-1.257965850830078125e+02
-1.639450988769531250e+02
-1.803851623535156250e+02
-6.437501525878906250e+01
-5.695329666137695312e+01
-6.910219573974609375e+01
-1.742029113769531250e+02
-2.247329406738281250e+02
-6.770324707031250000e+01
-6.270465087890625000e+01
-6.640608215332031250e+01
-4.714884185791015625e+01
-3.610431671142578125e+01
-5.287349319458007812e+01
-1.847026252746582031e+01
-1.046480865478515625e+02
-5.423011398315429688e+01
-1.799275207519531250e+02
-5.482226562500000000e+01
-5.863052368164062500e+01
-6.948735046386718750e+01
-6.043376541137695312e+01
-7.387711334228515625e+01
-7.598475646972656250e+01
-4.592768096923828125e+01
-8.881835174560546875e+01
-2.773237228393554688e+01
-5.495970535278320312e+01
-5.138422393798828125e+01
-8.421994018554687500e+01
-2.033836364746093750e+02
-1.597869586944580078e+01
-7.186138916015625000e+01
-1.383913707733154297e+01
-7.084565734863281250e+01
-8.035868835449218750e+01
-6.144770431518554688e+01
-2.136325263977050781e+01
-8.016290283203125000e+01
-5.070942306518554688e+01
-5.960904693603515625e+01
-8.530455017089843750e+01
-2.432061386108398438e+01
-3.622876739501953125e+01
-2.985936355590820312e+01
-1.362571144104003906e+01
-3.695083618164062500e+01
-5.989258956909179688e+01
-1.080703449249267578e+01
-5.098695755004882812e+01
-3.642726516723632812e+01
-7.163114166259765625e+01
-6.421742248535156250e+01
-7.215071105957031250e+01
-3.659282684326171875e+01
-3.666547393798828125e+01
-5.932174682617187500e+01
-1.568773841857910156e+01
-4.739556884765625000e+01
-1.084320068359375000e+02
-2.909956359863281250e+01
-9.832738494873046875e+01
-1.244911003112792969e+01
-1.233436737060546875e+02
-3.867585754394531250e+01
-4.405130767822265625e+01
-8.020379638671875000e+01
-7.099170684814453125e+01
-5.440641021728515625e+01
-9.961256408691406250e+01
-7.297416687011718750e+01
-4.984927368164062500e+01
-8.374147033691406250e+01
-5.497352981567382812e+01
-4.890303039550781250e+01
-1.305984020233154297e+01
-1.083129882812500000e+02
-2.147863311767578125e+02
-6.009629058837890625e+01
-4.498114776611328125e+01
-1.031383514404296875e+02
-7.080774688720703125e+01
-9.207792663574218750e+01
-9.535392761230468750e+01
-8.024595642089843750e+01
-8.976698303222656250e+01
-7.121730041503906250e+01
-6.457979583740234375e+01
-7.862288665771484375e+01
-6.009132003784179688e+01
-8.507318878173828125e+01
-6.735804748535156250e+01
-6.433130645751953125e+01
-3.992970275878906250e+01
-5.718186569213867188e+01
-4.607463836669921875e+01
-3.456714248657226562e+01
-5.526934814453125000e+01
-6.454351806640625000e+01
-3.844737625122070312e+01
-4.685649490356445312e+01
-6.205285644531250000e+01
-6.644187927246093750e+01
-8.961000061035156250e+01
-5.733616256713867188e+01
-7.621913909912109375e+01
-3.309630584716796875e+01
-6.812430572509765625e+01
-5.824549102783203125e+01
-2.670937156677246094e+01
-3.196024131774902344e+01
-8.948457336425781250e+01
-4.299078369140625000e+01
6.307745933532714844e+00
-4.230614089965820312e+01
-6.514678192138671875e+01
-2.078675842285156250e+01
-3.401112365722656250e+01
-1.413842582702636719e+01
-3.001752281188964844e+01
-4.682048034667968750e+01
-2.063293075561523438e+01
-7.843013763427734375e+01
-5.675800323486328125e+01
-6.660402774810791016e+00
-5.022711277008056641e+00
-3.339925765991210938e+01
-2.178997230529785156e+01
-3.916125488281250000e+01
-5.139226150512695312e+01
-7.863311767578125000e+01
-4.763701629638671875e+01
-4.191984558105468750e+01
-2.306641578674316406e+01
1.608041763305664062e+01
-1.437070274353027344e+01
2.839882612228393555e+00
-2.842770385742187500e+01
-5.250651931762695312e+01
6.649642181396484375e+01
-1.222574043273925781e+01
-1.424476337432861328e+01
-4.257015228271484375e+01
-4.720989990234375000e+01
3.594377136230468750e+01
1.250967979431152344e+01
4.625094223022460938e+01
-1.126878547668457031e+01
6.488339424133300781e+00
-9.025610351562500000e+01
1.606726455688476562e+01
6.827188110351562500e+01
-2.555243682861328125e+01
-3.913733673095703125e+01
3.394181442260742188e+01
7.658549499511718750e+01
1.313773651123046875e+02
-1.518480873107910156e+01
1.343648719787597656e+01
3.413118743896484375e+01
-2.108652305603027344e+01
-1.298848571777343750e+02
-1.999012374877929688e+01
-1.529969024658203125e+02
4.348894500732421875e+01
-1.597629547119140625e+01
-6.644129180908203125e+01
8.557240295410156250e+01
6.615822601318359375e+01
6.283101558685302734e+00
-1.315584564208984375e+02
9.074300765991210938e+00
-2.025935411453247070e+00
1.390971946716308594e+01
2.325699424743652344e+01
-3.679613113403320312e+00
6.238426589965820312e+01
4.309481811523437500e+01
-5.144539642333984375e+01
3.339526367187500000e+01
5.098828125000000000e+01
4.335905838012695312e+01
-3.528780460357666016e+00
2.326548814773559570e+00
4.754099655151367188e+01
-1.140785789489746094e+01
-1.561225700378417969e+01
1.217871551513671875e+02
2.231663894653320312e+01
7.840993499755859375e+01
3.199845314025878906e+01
1.137347793579101562e+02
1.274996337890625000e+02
1.945447845458984375e+02
1.304458770751953125e+02
8.985026550292968750e+01
1.373532409667968750e+02
7.190028381347656250e+01
3.362884140014648438e+01
3.941592454910278320e+00
1.914412879943847656e+01
4.731465530395507812e+01
1.047453613281250000e+02
2.384802818298339844e+01
8.084488677978515625e+01
8.737607574462890625e+01
1.495724182128906250e+02
1.642393035888671875e+02
5.505908203125000000e+01
1.327439880371093750e+01
5.611624145507812500e+01
1.280629577636718750e+02
8.455323791503906250e+01
1.648135681152343750e+02
9.701342010498046875e+01
1.588884277343750000e+02
8.725433349609375000e+01
1.441627349853515625e+02
1.641417503356933594e+01
2.038372650146484375e+02
7.503035736083984375e+01
1.032224273681640625e+02
2.057610321044921875e+02
3.552540206909179688e+01
2.124838867187500000e+02
7.967240142822265625e+01
1.683503112792968750e+02
1.559862823486328125e+02
8.601663970947265625e+01
1.657572937011718750e+02
1.260021362304687500e+02
2.178341865539550781e+01
8.462630462646484375e+01
8.288253784179687500e+01
2.067554016113281250e+02
7.929465484619140625e+01
1.922758941650390625e+02
-7.962031364440917969e+00
2.207697448730468750e+02
1.248941421508789062e+02
1.980273590087890625e+02
1.726135711669921875e+02
7.670227050781250000e+01
2.102059020996093750e+02
6.635395050048828125e+01
1.628135833740234375e+02
1.560632324218750000e+02
7.748930358886718750e+01
1.091086425781250000e+02
2.041969299316406250e+02
-7.105995178222656250e+01
2.083665313720703125e+02
1.353917541503906250e+02
1.853550415039062500e+02
1.849778594970703125e+02
1.443119049072265625e+02
1.308779449462890625e+02
9.501679992675781250e+01
1.678493194580078125e+02
7.061957550048828125e+01
1.468139953613281250e+02
2.831230878829956055e+00
2.195552215576171875e+02
2.550539016723632812e+00
6.530888366699218750e+01
7.103289794921875000e+01
1.472841796875000000e+02
8.037589263916015625e+01
1.737435607910156250e+02
1.719837341308593750e+02
1.936431884765625000e+02
-6.083560943603515625e+01
1.747293701171875000e+02
5.226292800903320312e+01
1.284206237792968750e+02
1.658126373291015625e+02
1.775422973632812500e+02
8.215455627441406250e+01
7.752465820312500000e+01
8.346876525878906250e+01
2.028177947998046875e+02
1.857656250000000000e+02
6.547808074951171875e+01
2.001128845214843750e+02
-1.803080749511718750e+01
2.054174804687500000e+02
-6.818154811859130859e+00
2.201864929199218750e+02
8.059033966064453125e+01
2.094686584472656250e+02
-1.129902343750000000e+02
9.731889343261718750e+01
1.796898803710937500e+02
1.903640747070312500e+02
1.238188323974609375e+02
9.052419281005859375e+01
1.640787506103515625e+02
2.496464157104492188e+01
1.703162994384765625e+02
2.047098083496093750e+02
1.360992126464843750e+02
1.301938018798828125e+02
9.183102607727050781e+00
2.009050598144531250e+02
1.544738006591796875e+02
1.020041732788085938e+02
1.755981140136718750e+02
1.921606292724609375e+02
1.803186798095703125e+02
2.144501190185546875e+02
1.962707366943359375e+02
1.398282012939453125e+02
1.003216552734375000e+02
1.844982452392578125e+02
1.727477874755859375e+02
2.156654510498046875e+02
9.861190032958984375e+01
1.959970550537109375e+02
1.696824340820312500e+02
4.407134246826171875e+01
1.330245819091796875e+02
1.418327331542968750e+02
2.153558654785156250e+02
1.549518127441406250e+02
1.824974060058593750e+02
1.894792022705078125e+02
1.951700134277343750e+02
1.354161071777343750e+02
2.252698669433593750e+02
2.100938262939453125e+02
1.273347778320312500e+02
1.754606475830078125e+02
1.705935821533203125e+02
2.010201568603515625e+02
1.692601623535156250e+02
1.985472717285156250e+02
1.890454711914062500e+02
2.090918426513671875e+02
1.560980529785156250e+02
1.281751403808593750e+02
2.089511413574218750e+02
1.394840393066406250e+02
1.987931671142578125e+02
2.045761260986328125e+02
1.646028747558593750e+02
1.801654663085937500e+02
1.340059356689453125e+02
1.981906890869140625e+02
1.407901306152343750e+02
1.695190277099609375e+02
1.840640563964843750e+02
1.692934112548828125e+02
1.082613754272460938e+02
2.132090759277343750e+02
2.090053710937500000e+02
1.387469482421875000e+02
1.709016418457031250e+02
1.574461822509765625e+02
1.907868957519531250e+02
1.931342163085937500e+02
2.279799499511718750e+02
2.098275451660156250e+02
1.783105926513671875e+02
1.407723846435546875e+02
1.556993713378906250e+02
1.782551879882812500e+02
1.561164855957031250e+02
1.461542968750000000e+02
1.851606140136718750e+02
1.751310272216796875e+02
2.089819030761718750e+02
1.962749328613281250e+02
1.753428344726562500e+02
1.006406707763671875e+02
1.837784729003906250e+02
7.894156646728515625e+01
1.584408874511718750e+02
2.191106262207031250e+02
2.129337120056152344e+01
1.432713623046875000e+02
1.708677825927734375e+02
9.801161956787109375e+01
1.897433013916015625e+02
1.687411499023437500e+02
1.975681762695312500e+02
1.148916015625000000e+02
1.440289001464843750e+02
1.213486938476562500e+02
1.701367645263671875e+02
1.654876708984375000e+01
1.732201690673828125e+02
1.782171478271484375e+02
1.917503204345703125e+02
1.491669006347656250e+02
1.739363403320312500e+02
1.341575622558593750e+02
1.667540893554687500e+02
1.610146331787109375e+02
1.549844970703125000e+02
1.709245910644531250e+02
1.785995178222656250e+02
2.088988494873046875e+02
1.896362152099609375e+02
1.523261260986328125e+02
1.342417449951171875e+02
1.390543670654296875e+02
1.026027069091796875e+02
1.860768280029296875e+02
8.358242034912109375e+01
1.772828063964843750e+02
1.324211273193359375e+02
1.450019073486328125e+02
1.503590087890625000e+02
1.378435516357421875e+02
1.363493652343750000e+02
1.400236206054687500e+02
3.725524139404296875e+01
1.008972320556640625e+02
1.556600036621093750e+02
1.307857513427734375e+02
1.667223205566406250e+02
1.115206909179687500e+02
1.860806579589843750e+02
1.894918670654296875e+02
2.029809875488281250e+02
1.447805175781250000e+02
1.242486190795898438e+02
1.590092315673828125e+02
8.119278717041015625e+01
1.463113708496093750e+02
2.080806427001953125e+02
1.103844985961914062e+02
1.156607208251953125e+02
1.822745666503906250e+02
3.643378829956054688e+01
1.339292907714843750e+02
1.517872772216796875e+02
1.719710998535156250e+02
-4.348213195800781250e+01
2.004627532958984375e+02
1.679787750244140625e+02
8.060853576660156250e+01
1.464533996582031250e+02
1.460807952880859375e+02
1.048535003662109375e+02
8.839024353027343750e+01
6.632125091552734375e+01
6.681899261474609375e+01
1.834563446044921875e+02
1.249091796875000000e+02
1.444372558593750000e+02
1.223153228759765625e+02
1.866743469238281250e+02
1.298211975097656250e+02
1.854292297363281250e+02
2.088838195800781250e+02
1.641700134277343750e+02
1.460874176025390625e+02
1.042938232421875000e+02
2.004439392089843750e+02
1.681530303955078125e+02
1.233254623413085938e+02
8.401760864257812500e+01
1.752870330810546875e+02
1.910847320556640625e+02
4.511040115356445312e+01
2.089774627685546875e+02
9.142680358886718750e+01
1.141167373657226562e+02
1.916586151123046875e+02
1.687838745117187500e+02
1.239497451782226562e+02
1.037810821533203125e+02
1.491005706787109375e+02
2.305212860107421875e+02
9.978059387207031250e+01
1.903586883544921875e+02
1.309446716308593750e+02
1.710272216796875000e+02
2.054796447753906250e+02
1.630164184570312500e+02
1.106024932861328125e+02
1.448200988769531250e+02
2.137237548828125000e+02
1.751638946533203125e+02
1.103833389282226562e+02
1.155677337646484375e+02
1.676769866943359375e+02
2.224248352050781250e+02
1.344267883300781250e+02
1.686373596191406250e+02
1.907839050292968750e+02
6.638243865966796875e+01
1.754550170898437500e+01
1.476527404785156250e+02
1.825063323974609375e+02
1.110671539306640625e+02
1.489154052734375000e+02
1.725733947753906250e+02
3.451713562011718750e+01
1.569305114746093750e+02
1.368018035888671875e+02
1.856382904052734375e+02
1.879649353027343750e+02
1.050493927001953125e+02
1.993523559570312500e+02
7.420204925537109375e+01
2.276737365722656250e+02
1.484723815917968750e+02
8.898433685302734375e+01
2.240099334716796875e+02
1.763729400634765625e+02
1.904819641113281250e+02
1.953867340087890625e+02
1.587452545166015625e+02
9.957603454589843750e+01
1.314839782714843750e+02
2.310577087402343750e+02
1.459405364990234375e+02
2.408969268798828125e+02
1.903140258789062500e+02
1.921873931884765625e+02
2.273840332031250000e+02
2.237721252441406250e+02
2.449476013183593750e+02
2.523193054199218750e+02
1.327444152832031250e+02
2.036071472167968750e+02
1.426769409179687500e+02
2.204372100830078125e+02
1.688664245605468750e+02
1.736045379638671875e+02
1.937424621582031250e+02
1.547422943115234375e+02
2.086353759765625000e+02
2.403700866699218750e+02
1.605192718505859375e+02
2.147268829345703125e+02
2.222467956542968750e+02
2.491819152832031250e+02
2.506519775390625000e+02
2.472950897216796875e+02
2.488390655517578125e+02
1.857610168457031250e+02
2.143756103515625000e+02
2.370563201904296875e+02
2.137450408935546875e+02
1.993932189941406250e+02
1.974743347167968750e+02
1.934818420410156250e+02
2.402356414794921875e+02
2.042660675048828125e+02
2.243864746093750000e+02
2.535406799316406250e+02
2.341629638671875000e+02
2.322069091796875000e+02
2.387066955566406250e+02
2.417679443359375000e+02
1.828793640136718750e+02
2.088405456542968750e+02
2.206452178955078125e+02
2.228365478515625000e+02
1.999207458496093750e+02
2.333836669921875000e+02
1.499924011230468750e+02
2.468520965576171875e+02
2.267996520996093750e+02
1.822597198486328125e+02
2.123167419433593750e+02
2.409954528808593750e+02
2.395041809082031250e+02
2.092596893310546875e+02
1.692916259765625000e+02
2.334940490722656250e+02
1.912041778564453125e+02
2.353162841796875000e+02
1.618235778808593750e+02
1.849932403564453125e+02
2.067553253173828125e+02
2.143063659667968750e+02
2.423852844238281250e+02
2.321692352294921875e+02
2.235457458496093750e+02
1.973246002197265625e+02
2.132067413330078125e+02
1.221230850219726562e+02
2.182329406738281250e+02
2.387316131591796875e+02
2.456407775878906250e+02
2.558253479003906250e+02
2.223908233642578125e+02
2.141739959716796875e+02
2.092942657470703125e+02
2.187824249267578125e+02
2.282193603515625000e+02
2.280279846191406250e+02
2.253904266357421875e+02
2.474759216308593750e+02
2.187865295410156250e+02
1.576740264892578125e+02
2.417727050781250000e+02
1.882018585205078125e+02
1.925807495117187500e+02
1.612826232910156250e+02
2.728894653320312500e+02
2.221789093017578125e+02
2.109700469970703125e+02
1.295610046386718750e+02
1.682989959716796875e+02
1.984149322509765625e+02
1.752394409179687500e+02
1.274840316772460938e+02
1.820630645751953125e+02
2.184890594482421875e+02
1.880632324218750000e+02
2.518279724121093750e+02
2.127955627441406250e+02
2.383316345214843750e+02
1.950901641845703125e+02
2.250325927734375000e+02
2.329894714355468750e+02
1.611229553222656250e+02
2.170388641357421875e+02
2.486825866699218750e+02
2.209956512451171875e+02
2.225099639892578125e+02
2.410371093750000000e+02
2.443437957763671875e+02
2.421630401611328125e+02
2.107823181152343750e+02
2.356844787597656250e+02
2.236645050048828125e+02
2.069460449218750000e+02
1.841262512207031250e+02
2.520521545410156250e+02
2.204413757324218750e+02
2.491715545654296875e+02
2.458480987548828125e+02
2.012951202392578125e+02
2.275003662109375000e+02
2.489175567626953125e+02
2.141606903076171875e+02
1.684037170410156250e+02
4.589497375488281250e+01
2.314492645263671875e+02
2.314564971923828125e+02
2.038362121582031250e+02
2.083899841308593750e+02
1.805060577392578125e+02
1.888601837158203125e+02
2.582865600585937500e+02
1.916202087402343750e+02
1.248899993896484375e+02
2.520147705078125000e+02
2.471130828857421875e+02
2.537041473388671875e+02
1.019548568725585938e+02
7.672578430175781250e+01
9.660073852539062500e+01
2.271940155029296875e+02
8.597667694091796875e+01
-6.111067771911621094e+00
1.926006469726562500e+02
2.450508117675781250e+02
2.407086181640625000e+02
1.168343276977539062e+02
1.777466583251953125e+02
1.707912139892578125e+02
1.625699768066406250e+02
2.467817382812500000e+02
2.218665466308593750e+02
1.753437805175781250e+02
2.560255432128906250e+02
2.399882507324218750e+02
5.314552688598632812e+01
2.456753845214843750e+02
2.395757598876953125e+02
8.675500488281250000e+01
2.168020324707031250e+02
1.995554656982421875e+02
2.515652313232421875e+02
2.436242218017578125e+02
1.027019653320312500e+02
2.372769012451171875e+02
2.186188659667968750e+02
2.179307403564453125e+02
1.011904220581054688e+02
2.066983642578125000e+02
2.332319030761718750e+02
8.281331634521484375e+01
2.550749511718750000e+02
2.443111114501953125e+02
2.260855255126953125e+02
1.443321380615234375e+02
1.120054092407226562e+02
1.599031372070312500e+02
1.166584625244140625e+02
2.090091094970703125e+02
2.148506774902343750e+02
1.882370300292968750e+02
1.794979553222656250e+02
1.731026306152343750e+02
2.499026794433593750e+02
9.255725097656250000e+01
5.106530380249023438e+01
1.474251708984375000e+02
2.512188262939453125e+02
2.077116699218750000e+02
2.423522033691406250e+02
2.629993591308593750e+02
2.612710571289062500e+02
2.601615295410156250e+02
1.759814758300781250e+02
1.929512634277343750e+02
2.418931884765625000e+02
8.762133026123046875e+01
2.731948852539062500e+02
2.467882995605468750e+02
2.731096191406250000e+02
2.186391296386718750e+02
2.592777709960937500e+02
2.299228820800781250e+02
1.572009429931640625e+02
2.312112274169921875e+02
1.573535766601562500e+02
2.584453735351562500e+02
2.208201141357421875e+02
2.192439270019531250e+02
2.091788635253906250e+02
2.190698547363281250e+02
2.501555480957031250e+02
2.365936279296875000e+02
1.914125061035156250e+02
1.616275787353515625e+02
2.620848693847656250e+02
2.272009582519531250e+02
2.434512939453125000e+02
1.819877624511718750e+02
1.713920135498046875e+02
1.282086639404296875e+02
7.062920379638671875e+01
2.147173309326171875e+02
2.314255371093750000e+02
1.396626281738281250e+02
1.899393005371093750e+02
1.692727203369140625e+02
1.939028625488281250e+02
2.320575714111328125e+02
2.209666748046875000e+02
2.476921081542968750e+02
2.106291961669921875e+02
2.423868865966796875e+02
2.445956115722656250e+02
1.410208282470703125e+02
1.741857299804687500e+02
2.007982482910156250e+02
2.409381561279296875e+02
2.444418640136718750e+02
1.389131622314453125e+02
2.141814422607421875e+02
6.279821777343750000e+01
2.288399963378906250e+02
1.769417114257812500e+02
2.312709197998046875e+02
2.251248016357421875e+02
1.843763885498046875e+02
2.609765014648437500e+02
2.733961181640625000e+02
2.639253845214843750e+02
2.350315399169921875e+02
2.619497070312500000e+02
2.275377502441406250e+02
2.439635467529296875e+02
2.310675811767578125e+02
2.390433044433593750e+02
2.495018615722656250e+02
1.990838165283203125e+02
2.490397949218750000e+02
2.558132781982421875e+02
1.761130371093750000e+02
2.351891326904296875e+02
2.234145050048828125e+02
2.515983886718750000e+02
2.327799377441406250e+02
2.202670135498046875e+02
2.324053955078125000e+02
2.264327697753906250e+02
2.456138153076171875e+02
2.176287078857421875e+02
2.260086212158203125e+02
2.530157775878906250e+02
2.444555969238281250e+02
2.403596191406250000e+02
2.565636291503906250e+02
2.657955932617187500e+02
2.364944610595703125e+02
2.548442687988281250e+02
2.421379852294921875e+02
2.503197784423828125e+02
1.591739044189453125e+02
1.398120422363281250e+02
2.321555633544921875e+02
2.490325164794921875e+02
2.317869567871093750e+02
2.330468292236328125e+02
2.023073883056640625e+02
2.465993194580078125e+02
2.203485565185546875e+02
2.472156524658203125e+02
2.470477294921875000e+02
2.577590026855468750e+02
2.205249328613281250e+02
1.507414855957031250e+02
2.181054382324218750e+02
1.905098114013671875e+02
2.555723114013671875e+02
2.186053771972656250e+02
2.688677673339843750e+02
2.084624023437500000e+02
2.183193817138671875e+02
2.348863220214843750e+02
2.247212219238281250e+02
2.480079345703125000e+02
2.595991210937500000e+02
2.514045867919921875e+02
2.390317687988281250e+02
2.508166809082031250e+02
1.782533416748046875e+02
2.235441131591796875e+02
2.549844665527343750e+02
2.481010437011718750e+02
1.998697357177734375e+02
2.316106414794921875e+02
1.659079895019531250e+02
2.531831970214843750e+02
2.511256561279296875e+02
2.096295166015625000e+02
2.144165802001953125e+02
2.547933654785156250e+02
2.553528594970703125e+02
2.305825195312500000e+02
2.239816131591796875e+02
2.516340789794921875e+02
2.502681427001953125e+02
2.154210205078125000e+02
1.973010711669921875e+02
2.436979217529296875e+02
2.202852783203125000e+02
1.807999572753906250e+02
2.539178771972656250e+02
2.272633972167968750e+02
2.340196838378906250e+02
2.270461120605468750e+02
2.440419158935546875e+02
2.517727355957031250e+02
1.878927154541015625e+02
2.372940368652343750e+02
2.382163085937500000e+02
2.192906951904296875e+02
2.262432403564453125e+02
1.979679718017578125e+02
2.226727600097656250e+02
2.319235382080078125e+02
2.477497253417968750e+02
2.539170379638671875e+02
2.013155822753906250e+02
2.616738891601562500e+02
2.163007507324218750e+02
1.992707977294921875e+02
2.257826232910156250e+02
2.220393829345703125e+02
2.299667053222656250e+02
2.001548461914062500e+02
2.081413116455078125e+02
2.166316833496093750e+02
2.064205017089843750e+02
2.101173400878906250e+02
2.378264465332031250e+02
2.034176177978515625e+02
2.013472442626953125e+02
2.015945587158203125e+02
2.194419403076171875e+02
1.964362487792968750e+02
2.506659240722656250e+02
2.136526184082031250e+02
2.492258605957031250e+02
2.544635467529296875e+02
2.514756774902343750e+02
2.500824432373046875e+02
2.484811553955078125e+02
2.387035217285156250e+02
2.503121643066406250e+02
2.504533691406250000e+02
2.283126220703125000e+02
2.291639709472656250e+02
2.439744567871093750e+02
2.436658630371093750e+02
2.213663635253906250e+02
2.143862304687500000e+02
2.364961853027343750e+02
2.557683868408203125e+02
2.061202392578125000e+02
2.352067565917968750e+02
2.339528503417968750e+02
2.407434539794921875e+02
2.213516540527343750e+02
2.291511535644531250e+02
1.662910156250000000e+02
2.188064727783203125e+02
2.405540771484375000e+02
2.400461730957031250e+02
1.828442687988281250e+02
2.236220703125000000e+02
2.257699432373046875e+02
2.478940124511718750e+02
2.288033752441406250e+02
2.390787658691406250e+02
2.524620819091796875e+02
2.494833221435546875e+02
2.412239532470703125e+02
2.350683135986328125e+02
2.569345092773437500e+02
2.082338409423828125e+02
2.238277282714843750e+02
2.190776062011718750e+02
2.528603210449218750e+02
2.385931396484375000e+02
2.392084960937500000e+02
2.320714111328125000e+02
1.979644012451171875e+02
2.147619171142578125e+02
2.451056213378906250e+02
2.546056823730468750e+02
2.465003356933593750e+02
2.227756805419921875e+02
2.413022460937500000e+02
1.768032989501953125e+02
2.517890625000000000e+02
2.313657989501953125e+02
2.615220336914062500e+02
2.635251159667968750e+02
2.577171020507812500e+02
1.527860412597656250e+02
2.612802734375000000e+02
2.230317840576171875e+02
2.524486083984375000e+02
2.019589385986328125e+02
2.246684112548828125e+02
2.343641052246093750e+02
2.589631958007812500e+02
2.504617462158203125e+02
2.273974609375000000e+02
2.428550262451171875e+02
2.495891571044921875e+02
2.487689208984375000e+02
2.214992370605468750e+02
2.589272766113281250e+02
2.120739746093750000e+02
2.342701416015625000e+02
2.278532714843750000e+02
2.402591247558593750e+02
2.423966522216796875e+02
2.378481445312500000e+02
2.024338684082031250e+02
2.138951873779296875e+02
2.454399108886718750e+02
2.364238281250000000e+02
2.512350616455078125e+02
2.350246124267578125e+02
2.144106750488281250e+02
1.787999572753906250e+02
2.197259216308593750e+02
2.005085754394531250e+02
2.433307342529296875e+02
2.149193420410156250e+02
2.566925964355468750e+02
2.473648223876953125e+02
2.347048645019531250e+02
2.599165344238281250e+02
2.279164733886718750e+02
2.353899383544921875e+02
2.170056457519531250e+02
2.070006408691406250e+02
2.292048645019531250e+02
2.286103210449218750e+02
2.462630615234375000e+02
2.066935119628906250e+02
2.455097961425781250e+02
2.293092346191406250e+02
1.936747741699218750e+02
2.168030700683593750e+02
2.025800323486328125e+02
2.320323028564453125e+02
2.038005218505859375e+02
-2.885602188110351562e+01
2.441010742187500000e+02
2.124312438964843750e+02
2.554171905517578125e+02
1.696512908935546875e+02
2.439044647216796875e+02
2.067454071044921875e+02
1.642831726074218750e+02
2.554861755371093750e+02
2.392893981933593750e+02
2.452530212402343750e+02
2.257027130126953125e+02
2.568992919921875000e+02
2.150325469970703125e+02
2.080670928955078125e+02
2.001861267089843750e+02
2.023304443359375000e+02
2.586233520507812500e+02
2.601687011718750000e+02
2.249625244140625000e+02
2.587868041992187500e+02
2.320367126464843750e+02
2.597414550781250000e+02
2.517279815673828125e+02
1.969888458251953125e+02
2.645517578125000000e+02
2.102820587158203125e+02
2.564875488281250000e+02
2.762687988281250000e+02
2.445985870361328125e+02
2.423258972167968750e+02
2.176000061035156250e+02
2.596239318847656250e+02
2.443536834716796875e+02
2.274057159423828125e+02
2.338646697998046875e+02
2.436827087402343750e+02
1.931076202392578125e+02
2.602230529785156250e+02
2.135461120605468750e+02
2.361296691894531250e+02
2.425901794433593750e+02
2.632347106933593750e+02
2.441109924316406250e+02
2.542372741699218750e+02
2.072179870605468750e+02
2.682052612304687500e+02
2.313153991699218750e+02
2.433268127441406250e+02
2.579527282714843750e+02
2.585747070312500000e+02
2.585325012207031250e+02
2.508500671386718750e+02
2.541498107910156250e+02
2.588048706054687500e+02
2.525674591064453125e+02
2.428575897216796875e+02
2.354414062500000000e+02
2.302667694091796875e+02
2.304919128417968750e+02
2.659290161132812500e+02
2.503407897949218750e+02
2.645819091796875000e+02
2.557484436035156250e+02
2.744852294921875000e+02
2.667362976074218750e+02
2.706720581054687500e+02
2.501082763671875000e+02
2.409980010986328125e+02
2.669779357910156250e+02
2.634306640625000000e+02
2.584067687988281250e+02
2.484027099609375000e+02
2.347952575683593750e+02
2.674893188476562500e+02
2.468442077636718750e+02
2.365304412841796875e+02
2.464263000488281250e+02
2.574418334960937500e+02
2.269375915527343750e+02
2.646206665039062500e+02
2.530700683593750000e+02
2.542418518066406250e+02
2.441864776611328125e+02
2.633801879882812500e+02
2.618901672363281250e+02
2.730233459472656250e+02
2.294525604248046875e+02
2.362381286621093750e+02
2.281546173095703125e+02
2.522900085449218750e+02
2.563020324707031250e+02
2.656290283203125000e+02
2.692079467773437500e+02
2.488853454589843750e+02
2.581551513671875000e+02
2.228814392089843750e+02
2.564156188964843750e+02
2.718367614746093750e+02
2.410579528808593750e+02
2.390329895019531250e+02
2.471264343261718750e+02
2.644689636230468750e+02
2.476000518798828125e+02
2.392280578613281250e+02
2.572484741210937500e+02
2.853594055175781250e+02
2.522667236328125000e+02
2.755089721679687500e+02
2.394389648437500000e+02
2.478156280517578125e+02
2.599002075195312500e+02
2.527651062011718750e+02
2.606889953613281250e+02
2.509860382080078125e+02
2.517698059082031250e+02
