-3.770390319824218750e+02	-8.614288940429687500e+02	-4.316793518066406250e+02
-6.104469604492187500e+02	-3.095351562500000000e+02	-8.323211669921875000e+02
-5.902942504882812500e+02	-1.605289459228515625e+02	-5.682410888671875000e+02
-3.660217590332031250e+02	-7.303857421875000000e+02	-5.594885253906250000e+02
-1.830458221435546875e+02	-1.644966125488281250e+02	-2.178857116699218750e+02
-6.485968017578125000e+02	-2.113480987548828125e+02	-1.219641952514648438e+02
-4.443276367187500000e+02	-3.278538513183593750e+02	-1.277532501220703125e+02
-2.577999267578125000e+02	-2.447819824218750000e+02	-4.931520385742187500e+02
-2.545396423339843750e+02	-4.167586975097656250e+02	-3.755216979980468750e+02
-2.038773345947265625e+02	-2.797331542968750000e+02	-3.111421508789062500e+02
-2.287418212890625000e+02	-3.902023315429687500e+02	-4.953502502441406250e+02
-4.181191253662109375e+01	-4.033811645507812500e+02	-5.186897583007812500e+02
-1.823471374511718750e+02	-2.330895690917968750e+02	-2.485272521972656250e+02
-1.721729278564453125e+02	-2.468866424560546875e+02	-2.426532440185546875e+02
-1.161085662841796875e+02	-2.903448791503906250e+02	-2.209785614013671875e+02
-7.980659484863281250e+01	-2.093306121826171875e+02	-2.177832794189453125e+02
-1.272946624755859375e+02	-1.271794662475585938e+02	-2.671292114257812500e+02
-2.115033721923828125e+02	-1.581643524169921875e+02	-2.808062133789062500e+02
-1.544108123779296875e+02	-3.406106567382812500e+02	-3.111254882812500000e+02
-1.367953491210937500e+02	-3.686351928710937500e+02	-1.337810363769531250e+02
-2.473246765136718750e+02	-1.359627838134765625e+02	-3.791565856933593750e+02
-2.443626403808593750e+02	-1.756666259765625000e+02	-2.024810485839843750e+02
-1.233360214233398438e+02	-2.392782440185546875e+02	-3.217314758300781250e+02
-6.284410476684570312e+01	-1.616434936523437500e+02	-1.215107421875000000e+02
-1.901738739013671875e+02	-1.159943847656250000e+02	-1.015897293090820312e+02
-1.865734558105468750e+02	-1.551902923583984375e+02	-1.577631072998046875e+02
-5.527402954101562500e+02	-1.642410888671875000e+02	-1.544351501464843750e+02
-3.202966003417968750e+02	-1.338760986328125000e+02	-3.708325805664062500e+02
-1.801420745849609375e+02	-6.282141113281250000e+01	-1.269016113281250000e+02
-2.366243438720703125e+02	-1.080466079711914062e+02	-2.157435760498046875e+02
-2.099299621582031250e+02	-1.671637878417968750e+02	-1.676863098144531250e+02
-5.567210006713867188e+01	-1.889979400634765625e+02	-2.005615692138671875e+02
-5.040369796752929688e+01	-9.937203216552734375e+01	-4.809162139892578125e+01
-1.177453765869140625e+02	-1.128153228759765625e+02	-8.408464050292968750e+01
-1.645255432128906250e+02	-1.536952362060546875e+02	-3.687166976928710938e+01
-1.372886047363281250e+02	-1.770242767333984375e+02	-1.843311462402343750e+02
-1.210379028320312500e+02	-3.234901428222656250e+02	-8.433897399902343750e+01
-1.636910705566406250e+02	-4.745753479003906250e+02	-2.000748901367187500e+02
-2.045676422119140625e+02	-2.908598022460937500e+02	-1.703487243652343750e+02
-2.334385681152343750e+02	-5.332284545898437500e+02	-1.891196594238281250e+02
-1.455840148925781250e+02	-3.348775329589843750e+02	-1.171273422241210938e+02
-1.733992004394531250e+02	-2.315483856201171875e+02	-1.388648071289062500e+02
-1.595241699218750000e+02	-3.924336242675781250e+02	-1.628478393554687500e+02
-1.430592346191406250e+02	-3.550176696777343750e+02	-1.661893463134765625e+02
-1.348023376464843750e+02	-2.129270477294921875e+02	-2.950387878417968750e+02
-2.748451538085937500e+02	-1.675936737060546875e+02	-4.096718139648437500e+02
-1.717139129638671875e+02	-1.829025421142578125e+02	-1.379065399169921875e+02
-2.625826110839843750e+02	-1.784861907958984375e+02	-1.550752105712890625e+02
-1.177467422485351562e+02	-2.007082824707031250e+02	-2.163856506347656250e+02
-1.496972045898437500e+02	-2.890667114257812500e+02	-2.456394042968750000e+02
-1.994510955810546875e+02	-3.206402893066406250e+02	-1.651522521972656250e+02
-1.421673583984375000e+02	-4.703497009277343750e+02	-2.405392761230468750e+02
-3.378960571289062500e+02	-3.551507873535156250e+02	-1.484407348632812500e+02
-1.884609985351562500e+02	-3.965774230957031250e+02	-1.365647888183593750e+02
-1.144090194702148438e+02	-2.730368957519531250e+02	-1.124070205688476562e+02
-1.463224945068359375e+02	-2.093040313720703125e+02	-1.719257507324218750e+02
-1.427471618652343750e+02	-2.307629699707031250e+02	-4.269708862304687500e+02
-1.374628448486328125e+02	-1.393488464355468750e+02	-1.987713317871093750e+02
-1.330220947265625000e+02	-2.133023376464843750e+02	-1.904811096191406250e+02
-7.015219879150390625e+01	-3.196344909667968750e+02	-2.314528503417968750e+02
6.986029148101806641e+00	-4.267857360839843750e+02	-1.218349609375000000e+02
9.862955093383789062e+00	-3.453102416992187500e+02	-1.504454193115234375e+02
-2.004384002685546875e+02	-3.125352478027343750e+02	-1.976226043701171875e+02
-1.877436981201171875e+02	-2.031504211425781250e+02	-1.507574615478515625e+02
-1.107408447265625000e+02	-1.940547485351562500e+02	-7.956553649902343750e+01
-1.773270568847656250e+02	-1.386678161621093750e+02	-2.026206970214843750e+02
-8.336288452148437500e+00	-2.419679412841796875e+02	-1.446907043457031250e+02
-7.520915222167968750e+01	-3.532226562500000000e+02	-1.171191177368164062e+02
-1.802737426757812500e+02	-3.145922851562500000e+02	-1.010429687500000000e+02
-1.222908706665039062e+02	-3.547557983398437500e+02	-1.145332183837890625e+02
-4.997974777221679688e+01	-3.532262878417968750e+02	-1.137783050537109375e+02
1.655487632751464844e+01	-2.004739990234375000e+02	-8.498348236083984375e+01
-1.284258117675781250e+02	-2.414329833984375000e+02	-1.412010040283203125e+02
-1.340878906250000000e+02	-2.449053649902343750e+02	-1.552900695800781250e+02
-9.466618347167968750e+01	-2.434998321533203125e+02	-1.684653625488281250e+02
-1.240714492797851562e+02	-2.885599060058593750e+02	-1.319413146972656250e+02
-1.690844268798828125e+02	-2.759154052734375000e+02	-8.881965637207031250e+01
-2.110518798828125000e+02	-2.194865722656250000e+02	-5.033151245117187500e+01
-6.700313568115234375e+01	-2.210918731689453125e+02	-1.191584091186523438e+02
-9.248110198974609375e+01	-1.886078796386718750e+02	-2.160136260986328125e+02
-1.118667755126953125e+02	-2.679124145507812500e+02	-2.325624694824218750e+02
-6.895332336425781250e+01	-2.375553894042968750e+02	-2.748764610290527344e+01
-1.511360015869140625e+02	-2.472128906250000000e+02	-1.049535140991210938e+02
-2.470455627441406250e+02	-2.425043182373046875e+02	-9.756712341308593750e+01
-2.669728393554687500e+02	-2.291688995361328125e+02	-2.150102539062500000e+02
-1.873794860839843750e+02	-2.393149108886718750e+02	-2.290249481201171875e+02
-5.869101715087890625e+01	-2.225601806640625000e+02	-1.653380584716796875e+02
-5.952916336059570312e+01	-2.366159362792968750e+02	-1.939959869384765625e+02
-7.562335205078125000e+01	-3.253783264160156250e+02	-1.615296630859375000e+02
-5.315867996215820312e+01	-2.978910827636718750e+02	-3.802227020263671875e+01
-5.159739303588867188e+01	-3.139483337402343750e+02	-4.589466094970703125e+01
5.508893585205078125e+01	-3.212187805175781250e+02	-6.586515808105468750e+01
-1.377477722167968750e+02	-3.085346069335937500e+02	-6.524957275390625000e+01
-2.110185623168945312e+01	-2.208784484863281250e+02	-1.959794921875000000e+02
-2.000528259277343750e+02	-1.827597198486328125e+02	-1.725282440185546875e+02
-1.369305725097656250e+02	-2.411332244873046875e+02	1.053722763061523438e+02
1.530019378662109375e+02	-1.302912597656250000e+02	-1.221252288818359375e+02
-5.775926589965820312e+01	-2.486425323486328125e+02	-3.269303131103515625e+01
-4.268006896972656250e+01	-1.740083312988281250e+02	-1.310252838134765625e+02
-2.605389709472656250e+02	-2.351479797363281250e+02	-1.499846649169921875e+02
-6.490101623535156250e+01	-2.400541534423828125e+02	-1.153278656005859375e+02
-8.101197814941406250e+01	-1.981133270263671875e+02	-5.738376617431640625e+01
-1.299167919158935547e+01	-1.759958496093750000e+02	-1.122528686523437500e+02
-2.216932106018066406e+01	-3.231101989746093750e+02	2.539138412475585938e+01
-1.293810119628906250e+02	-3.023898315429687500e+02	-3.436757659912109375e+01
-5.133477783203125000e+01	-2.591535949707031250e+02	-1.669547424316406250e+02
-6.011077117919921875e+01	-2.563814086914062500e+02	-1.185362701416015625e+02
-5.090863037109375000e+01	-2.250779571533203125e+02	-3.450627136230468750e+01
-4.598383331298828125e+01	-2.885180053710937500e+02	-1.298604583740234375e+02
-3.329130554199218750e+01	-1.727629089355468750e+02	-5.079886627197265625e+01
-7.690180969238281250e+01	-2.550049285888671875e+02	-1.345806274414062500e+02
-3.911692047119140625e+01	-2.142686004638671875e+02	-3.698571014404296875e+01
-1.215428924560546875e+02	-2.263562774658203125e+02	-6.448339843750000000e+01
-7.945766448974609375e+01	-2.662128906250000000e+02	-8.016456604003906250e+01
-1.141224212646484375e+02	-2.746967163085937500e+02	-1.028824615478515625e+02
-1.224675846099853516e+01	-1.498979187011718750e+02	-8.170967864990234375e+01
-1.411706237792968750e+02	-1.556855468750000000e+02	-7.165023040771484375e+01
-1.626983642578125000e+02	-1.494583435058593750e+02	-1.634512710571289062e+01
-4.935633087158203125e+01	-2.280532226562500000e+02	-2.946158409118652344e+01
-8.368879699707031250e+01	-1.847612152099609375e+02	1.499038543701171875e+02
-1.109643936157226562e+02	-1.402421875000000000e+02	-1.980606536865234375e+02
-1.016686859130859375e+02	-1.681413116455078125e+02	-8.969638824462890625e+01
-1.713315277099609375e+02	-2.089980163574218750e+02	-6.326567459106445312e+01
-1.027451629638671875e+02	-1.529418182373046875e+02	-2.684794616699218750e+01
-1.046614990234375000e+02	-1.860660095214843750e+02	-1.935759544372558594e+01
-1.141656341552734375e+02	-1.971503753662109375e+02	-4.995912933349609375e+01
-1.600348358154296875e+02	-2.305334777832031250e+02	-4.783301925659179688e+01
-9.395359802246093750e+01	-1.466390075683593750e+02	-6.383808517456054688e+01
-1.183251724243164062e+02	-2.186705780029296875e+02	-3.477079391479492188e+01
-1.152623672485351562e+02	-1.643167877197265625e+02	-1.009474334716796875e+02
-5.101584243774414062e+01	-1.831200408935546875e+02	-5.846694946289062500e+00
-9.014223480224609375e+01	-1.754747161865234375e+02	-1.070631942749023438e+02
-8.101987457275390625e+01	-2.442180938720703125e+02	-3.744284057617187500e+01
-5.348611450195312500e+01	-1.367253875732421875e+02	-6.750877380371093750e+01
-6.929669952392578125e+01	-1.613316955566406250e+02	-6.960932922363281250e+01
-1.304909362792968750e+02	-2.663986816406250000e+02	-7.837593841552734375e+01
-6.547042846679687500e+01	-1.650167694091796875e+02	-2.456545448303222656e+01
-9.440715026855468750e+01	-1.718950042724609375e+02	-6.962056732177734375e+01
-9.145678710937500000e+01	-2.760507812500000000e+02	-1.253026390075683594e+01
-1.024614868164062500e+02	-2.140719909667968750e+02	-1.318804168701171875e+01
-1.083838272094726562e+02	-1.623122406005859375e+02	-4.851432800292968750e+01
-1.276486663818359375e+02	-1.403066711425781250e+02	-8.740207672119140625e+01
-1.016256561279296875e+02	-8.519405364990234375e+01	-5.778675079345703125e+01
-8.301303863525390625e+01	-1.588673553466796875e+02	-8.148223876953125000e+01
-9.475238037109375000e+01	-1.486794128417968750e+02	-3.805025100708007812e+01
-1.049706573486328125e+02	-1.557083435058593750e+02	-5.251754760742187500e+01
-5.182794952392578125e+01	-1.712655334472656250e+02	-7.588091278076171875e+01
-9.494270324707031250e+01	-1.825261688232421875e+02	-8.459244537353515625e+01
-6.472055053710937500e+01	-1.393036499023437500e+02	-6.411940765380859375e+01
-1.172995758056640625e+02	-1.643039855957031250e+02	-8.221440887451171875e+01
-9.035504150390625000e+01	-1.446407928466796875e+02	8.675633430480957031e+00
-4.015318679809570312e+01	-1.869107055664062500e+02	-7.719238281250000000e+01
-8.379670715332031250e+01	-1.262260742187500000e+02	-9.544703674316406250e+01
-8.185422515869140625e+01	-1.007656402587890625e+02	-1.011651229858398438e+02
-5.486630249023437500e+01	-1.083294677734375000e+02	-9.570441436767578125e+01
-3.346279907226562500e+01	-1.304464416503906250e+02	-5.018759536743164062e+01
-8.546525573730468750e+01	-1.719346160888671875e+02	-1.051459960937500000e+02
-8.966292572021484375e+01	-1.712073059082031250e+02	-4.239888381958007812e+01
-7.743548583984375000e+01	-8.253753662109375000e+01	-2.623829078674316406e+01
-5.672505569458007812e+01	-6.401438903808593750e+01	-1.064835968017578125e+02
-7.287578582763671875e+01	-7.051608276367187500e+01	-7.659191131591796875e+01
-6.671943664550781250e+01	-1.238044662475585938e+02	-6.576976013183593750e+01
-8.521901702880859375e+01	-5.467412185668945312e+01	-5.910411453247070312e+01
-5.962177276611328125e+01	-7.868644714355468750e+01	-6.735991668701171875e+01
-5.813922882080078125e+01	-6.329149246215820312e+01	-6.426193237304687500e+01
-5.608385467529296875e+01	-4.247514724731445312e+01	-8.022818756103515625e+01
-8.501065826416015625e+01	-9.985922241210937500e+01	-6.766633605957031250e+01
-1.196206054687500000e+02	-6.950893402099609375e+01	-7.206419372558593750e+01
-7.307122039794921875e+01	-3.183084678649902344e+01	-8.558287048339843750e+01
-5.037918853759765625e+01	-6.482454681396484375e+01	-6.204575729370117188e+01
-6.342529296875000000e+01	-1.359163513183593750e+02	-8.785667419433593750e+01
-8.070603942871093750e+01	-5.916720581054687500e+01	-9.447405242919921875e+01
-6.406501770019531250e+01	-2.052824020385742188e+01	-1.031762237548828125e+02
-8.758712005615234375e+01	-4.955545806884765625e+01	-4.455480194091796875e+01
-3.897274017333984375e+01	-4.151879501342773438e+01	-7.422657775878906250e+01
-6.436883544921875000e+01	-3.179271316528320312e+01	-4.873182296752929688e+01
-9.648138427734375000e+01	-8.936039733886718750e+01	-6.204384613037109375e+01
-7.268994903564453125e+01	-5.660554122924804688e+01	-9.087541961669921875e+01
-7.391149902343750000e+01	-5.088465881347656250e+01	-5.640860748291015625e+01
-4.412578201293945312e+01	-2.175270080566406250e+01	-5.692623901367187500e+01
-5.982334518432617188e+01	-1.373283233642578125e+02	-7.769691467285156250e+01
-6.367557907104492188e+01	-1.917774581909179688e+01	-7.249994659423828125e+01
-6.154859542846679688e+01	-2.518970947265625000e+02	-8.136703491210937500e+01
-8.028006744384765625e+01	-5.545724487304687500e+01	-6.984401702880859375e+01
-6.429423522949218750e+01	-1.043698501586914062e+02	-7.712321472167968750e+01
-5.750405120849609375e+01	-5.294384765625000000e+01	-7.800358581542968750e+01
-6.065134811401367188e+01	-1.041314468383789062e+02	-4.808689498901367188e+01
-5.810365676879882812e+01	-5.779881668090820312e+01	-7.017704010009765625e+01
-5.026549911499023438e+01	-4.667715835571289062e+01	-4.939338684082031250e+01
-1.016053924560546875e+02	-7.909666442871093750e+01	-2.956591415405273438e+01
-7.622322082519531250e+01	-5.012767028808593750e+01	-8.447329711914062500e+01
-5.520935058593750000e+01	-7.132957458496093750e+01	-6.581806182861328125e+01
-7.106051635742187500e+01	-9.334650039672851562e+00	-6.673214721679687500e+01
-7.490829467773437500e+01	-1.331759338378906250e+02	-6.475148773193359375e+01
-7.354917144775390625e+01	-2.133860321044921875e+02	-6.515312194824218750e+01
-5.099084091186523438e+01	-3.591291809082031250e+01	-4.363832473754882812e+01
-5.382044601440429688e+01	-1.617808532714843750e+02	-6.754640960693359375e+01
-9.756773376464843750e+01	-9.178663635253906250e+01	-6.279145431518554688e+01
-8.291090393066406250e+01	-1.513366127014160156e+01	-9.192192077636718750e+01
-7.699906158447265625e+01	-1.701876831054687500e+02	-7.359855651855468750e+01
-6.467771911621093750e+01	-4.016497135162353516e+00	-6.995918273925781250e+01
-6.782094573974609375e+01	-3.969461822509765625e+01	-6.050637054443359375e+01
-9.956214141845703125e+01	-1.307327117919921875e+02	-8.731427001953125000e+01
-6.591587066650390625e+01	-4.349876403808593750e+01	-7.250140380859375000e+01
-6.097544097900390625e+01	-2.427813339233398438e+01	-6.438166809082031250e+01
-6.230705642700195312e+01	-7.209066009521484375e+01	-8.057400512695312500e+01
-5.972034835815429688e+01	-7.945155334472656250e+01	-3.704351043701171875e+01
-6.292387771606445312e+01	-5.657227706909179688e+01	-7.377665710449218750e+01
-5.003669357299804688e+01	-1.052308120727539062e+02	-7.001022338867187500e+01
-6.206115722656250000e+01	-4.194409942626953125e+01	-7.196787261962890625e+01
-6.465034484863281250e+01	-5.763261032104492188e+01	-7.666333007812500000e+01
-7.460050201416015625e+01	-1.281522369384765625e+02	-6.994390869140625000e+01
-4.735218048095703125e+01	-9.184413909912109375e+01	-6.666893005371093750e+01
-6.264785003662109375e+01	-4.970860290527343750e+01	-7.329798126220703125e+01
-6.998923492431640625e+01	-5.853071975708007812e+01	-6.092261886596679688e+01
-7.885961914062500000e+01	-7.453254699707031250e+01	-5.117230987548828125e+01
-6.896907043457031250e+01	-5.809505081176757812e+01	-7.645944976806640625e+01
-5.720481109619140625e+01	-1.073453979492187500e+02	-7.667659759521484375e+01
-5.672456741333007812e+01	-5.902823638916015625e+01	-8.794999694824218750e+01
-6.324913787841796875e+01	-7.930461120605468750e+01	-9.232706451416015625e+01
-5.831574249267578125e+01	-2.697727012634277344e+01	-8.622788238525390625e+01
-4.803433609008789062e+01	-5.338863372802734375e+01	-5.622140502929687500e+01
-3.622940444946289062e+01	-7.810257720947265625e+01	-4.704618072509765625e+01
-6.214963912963867188e+01	-5.791150665283203125e+01	-6.135443878173828125e+01
-8.374845886230468750e+01	-8.654753112792968750e+01	-9.200944519042968750e+01
-4.878659820556640625e+01	-6.194531250000000000e+01	-5.206751632690429688e+01
-4.474692916870117188e+01	-6.004426193237304688e+01	-4.837141036987304688e+01
-5.680751800537109375e+01	-8.010803222656250000e+01	-7.830977630615234375e+01
-4.455865097045898438e+01	-7.559033203125000000e+01	-7.645815277099609375e+01
-3.804891204833984375e+01	-7.222951507568359375e+01	-6.921482849121093750e+01
-3.626819610595703125e+01	-5.606738281250000000e+01	-5.316994094848632812e+01
-5.926784515380859375e+01	-9.361788940429687500e+01	-7.492588043212890625e+01
-8.572330474853515625e+01	-7.840059661865234375e+01	-9.512589263916015625e+01
-5.357347869873046875e+01	-3.889352416992187500e+01	-6.981023406982421875e+01
-5.723905181884765625e+01	-5.897348022460937500e+01	-6.691003417968750000e+01
-2.284089469909667969e+01	-7.840158843994140625e+01	-7.255191802978515625e+01
-5.261413574218750000e+01	-6.222869110107421875e+01	-1.178474578857421875e+02
-3.846001815795898438e+01	-6.503406524658203125e+01	-7.042132568359375000e+01
-4.420061492919921875e+01	-6.659059143066406250e+01	-7.336032867431640625e+01
-2.767968177795410156e+01	-9.219408416748046875e+01	-8.472450256347656250e+01
-4.677120971679687500e+01	-9.491403198242187500e+01	-1.123233489990234375e+02
-4.312466812133789062e+01	-9.141390991210937500e+01	-6.094013595581054688e+01
-3.187425613403320312e+01	-6.894798278808593750e+01	-6.189470291137695312e+01
-8.113249206542968750e+01	-8.852220153808593750e+01	-5.274022293090820312e+01
-4.670225906372070312e+01	-1.078365020751953125e+02	-6.623442840576171875e+01
-6.475917816162109375e+01	-7.809759521484375000e+01	-4.036675643920898438e+01
-6.437714385986328125e+01	-9.899901580810546875e+01	-7.337940979003906250e+01
-5.344509887695312500e+01	-9.344658660888671875e+01	-7.775687408447265625e+01
-4.204556655883789062e+01	-7.264755249023437500e+01	-6.148419189453125000e+01
-6.430267333984375000e+01	-6.233451461791992188e+01	-6.629602813720703125e+01
-7.534757232666015625e+01	-5.480847167968750000e+01	-5.823233795166015625e+01
-5.984508514404296875e+01	-8.532419586181640625e+01	-6.773960876464843750e+01
-6.166239547729492188e+01	-9.376966857910156250e+01	-7.552517700195312500e+01
-4.848086166381835938e+01	-6.635009765625000000e+01	-3.963416290283203125e+01
-2.871168899536132812e+01	-8.506850433349609375e+01	-4.093393707275390625e+01
-5.862264251708984375e+01	-9.753849029541015625e+01	-5.802169799804687500e+01
-5.284894943237304688e+01	-5.668441772460937500e+01	-5.160971069335937500e+01
-5.259780883789062500e+01	-4.421089935302734375e+01	-5.973185348510742188e+01
-7.075242614746093750e+01	-4.102849960327148438e+01	-6.011194992065429688e+01
-5.958916473388671875e+01	-6.440675354003906250e+01	-6.724840545654296875e+01
-5.412576293945312500e+01	-7.940325927734375000e+01	-7.048936462402343750e+01
-5.230582809448242188e+01	-5.642395019531250000e+01	-4.779535675048828125e+01
-5.451143646240234375e+01	-4.326984786987304688e+01	-5.260261917114257812e+01
-5.192312622070312500e+01	-3.416683197021484375e+01	-4.739124298095703125e+01
-7.922537994384765625e+01	-8.170066833496093750e+01	-7.075108337402343750e+01
-5.149138641357421875e+01	-9.512967681884765625e+01	-3.884931182861328125e+01
-6.123367309570312500e+01	-7.264893341064453125e+01	-5.903491210937500000e+01
-3.090053939819335938e+01	-6.717520141601562500e+01	-5.922193145751953125e+01
-7.187918853759765625e+01	-8.241810607910156250e+01	-6.374794387817382812e+01
-8.076524353027343750e+01	-7.984932708740234375e+01	-6.755062866210937500e+01
-5.131687545776367188e+01	-1.342575225830078125e+02	-8.837287139892578125e+01
-4.128944396972656250e+01	-7.214916992187500000e+01	-8.745771789550781250e+01
-2.810220909118652344e+01	-5.473520660400390625e+01	-5.288358306884765625e+01
-5.006388854980468750e+01	-6.256960296630859375e+01	-7.834452819824218750e+01
-6.475286865234375000e+01	-6.028358840942382812e+01	-8.223054504394531250e+01
-4.773555755615234375e+01	-8.661192321777343750e+01	-8.408132934570312500e+01
-5.947519683837890625e+01	-1.055439605712890625e+02	-7.515251922607421875e+01
-5.760313796997070312e+01	-7.688337707519531250e+01	-6.421541595458984375e+01
-4.963696289062500000e+01	-7.641696929931640625e+01	-3.927275085449218750e+01
-5.349457931518554688e+01	-7.776129150390625000e+01	-6.366912078857421875e+01
-3.519333267211914062e+01	-6.038429641723632812e+01	-8.513362121582031250e+01
-3.160369491577148438e+01	-4.396604537963867188e+01	-5.833469772338867188e+01
-3.309258651733398438e+01	-6.067636871337890625e+01	-7.911296081542968750e+01
-3.354863357543945312e+01	-4.245462799072265625e+01	-5.639283370971679688e+01
-4.688605117797851562e+01	-4.085517120361328125e+01	-7.256639099121093750e+01
-3.776766204833984375e+01	-5.943354415893554688e+01	-5.582141876220703125e+01
-1.998489761352539062e+01	-7.695859527587890625e+01	-8.200028228759765625e+01
-4.684553527832031250e+01	-5.986571502685546875e+01	-8.269416809082031250e+01
-3.295061874389648438e+01	-7.022663879394531250e+01	-5.722294998168945312e+01
-5.230097198486328125e+01	-6.403672790527343750e+01	-9.661071777343750000e+01
-3.620723724365234375e+01	-4.817689895629882812e+01	-7.349504089355468750e+01
-5.681945037841796875e+01	-8.172138977050781250e+01	-5.759997558593750000e+01
-5.494861602783203125e+01	-4.710605621337890625e+01	-4.083790588378906250e+01
-5.755543899536132812e+01	-6.342054367065429688e+01	-5.381532669067382812e+01
-4.885613250732421875e+01	-7.681393432617187500e+01	-5.681575393676757812e+01
-5.925825119018554688e+01	-8.141030883789062500e+01	-6.387202072143554688e+01
-3.995699310302734375e+01	-8.223686218261718750e+01	-6.596344757080078125e+01
-4.464084625244140625e+01	-7.419432067871093750e+01	-1.673374176025390625e+01
-2.512896537780761719e+01	-6.044347381591796875e+01	-5.402476882934570312e+01
-4.706193542480468750e+01	-6.215517044067382812e+01	-6.814846038818359375e+01
-5.441744232177734375e+01	-5.263820266723632812e+01	-6.554335784912109375e+01
-6.320058441162109375e+01	-5.689789581298828125e+01	-9.802311706542968750e+01
-6.223352050781250000e+01	-6.134077072143554688e+01	-8.554353332519531250e+01
-5.801692962646484375e+01	-5.494994354248046875e+01	-5.327028656005859375e+01
-4.883038711547851562e+01	-7.210368347167968750e+01	-7.907295227050781250e+01
-4.487533569335937500e+01	-7.607164001464843750e+01	-7.718632507324218750e+01
-8.728344726562500000e+01	-3.948292541503906250e+01	-5.666206741333007812e+01
-6.974687194824218750e+01	-4.037014389038085938e+01	-7.122485351562500000e+01
-1.892953491210937500e+01	-5.951982498168945312e+01	-7.912381744384765625e+01
-2.718451499938964844e+01	-6.129616165161132812e+01	-1.192032089233398438e+02
-1.533121204376220703e+01	-4.822756576538085938e+01	-5.223068237304687500e+01
-8.481412506103515625e+01	-5.542600631713867188e+01	-9.611615753173828125e+01
-8.180559539794921875e+01	-9.357939147949218750e+01	-1.026696548461914062e+02
-2.428120040893554688e+01	-5.688420867919921875e+01	-5.025292587280273438e+01
-4.255944061279296875e+01	-6.098067474365234375e+01	-6.804124450683593750e+01
-1.527142906188964844e+01	-3.884505462646484375e+01	-7.821075439453125000e+01
-4.467630767822265625e+01	-8.238078308105468750e+01	-7.134922790527343750e+01
-3.525128936767578125e+01	-7.754002380371093750e+01	-8.326952362060546875e+01
-2.256439590454101562e+01	-5.080111312866210938e+01	-6.379225540161132812e+01
-2.091189193725585938e+01	-8.968070983886718750e+01	-1.244521484375000000e+02
-1.280269908905029297e+01	-8.173120117187500000e+01	-8.606317901611328125e+01
-2.517606735229492188e+01	-4.318151092529296875e+01	-7.079256439208984375e+01
-1.664409637451171875e+01	-5.102780532836914062e+01	-7.386347961425781250e+01
-7.007301330566406250e+01	-4.873379898071289062e+01	-7.173753356933593750e+01
-8.871685028076171875e+01	-6.139680862426757812e+01	-4.495774078369140625e+01
-1.526498222351074219e+01	-6.427264404296875000e+01	-6.526568603515625000e+01
-3.557104110717773438e+01	-5.752722167968750000e+01	-6.435786437988281250e+01
-1.763573837280273438e+01	-4.532403182983398438e+01	-9.091987609863281250e+01
-2.948509216308593750e+01	-5.472249603271484375e+01	-8.656080627441406250e+01
-3.742190551757812500e+01	-3.006290817260742188e+01	-7.303938293457031250e+01
-3.953734588623046875e+01	-4.772809600830078125e+01	-5.885421752929687500e+01
-6.650983428955078125e+01	-5.941109466552734375e+01	-4.386095428466796875e+01
-2.858352088928222656e+01	-4.795362854003906250e+01	-3.309629440307617188e+01
-8.843126296997070312e+00	-3.823187255859375000e+01	-5.497003936767578125e+01
-1.853687095642089844e+01	-5.555754470825195312e+01	-4.724161529541015625e+01
-3.738134002685546875e+01	-5.636856842041015625e+01	-5.473056030273437500e+01
-1.951228713989257812e+01	-6.232251739501953125e+01	-1.738370704650878906e+01
-6.108747482299804688e+01	-5.333442306518554688e+01	-6.405906677246093750e+01
-1.795667839050292969e+01	-5.205036544799804688e+01	-7.415342712402343750e+01
-2.626497459411621094e+01	-5.015781021118164062e+01	-3.118057250976562500e+01
-4.386957550048828125e+01	-4.962550735473632812e+01	-9.029896545410156250e+01
-2.007086372375488281e+01	-3.091783142089843750e+01	-5.822219848632812500e+01
-2.006178283691406250e+01	-3.371517562866210938e+01	-7.519345855712890625e+01
-2.568491172790527344e+01	-2.853078269958496094e+01	-4.986182022094726562e+01
-3.057881546020507812e+01	-6.382773971557617188e+01	-3.927061843872070312e+01
-9.908930778503417969e+00	-3.108639907836914062e+01	-5.760435104370117188e+01
-2.371627807617187500e+01	-4.533274078369140625e+01	-5.377574920654296875e+01
-1.385318756103515625e+01	-4.590212249755859375e+01	-6.597230529785156250e+01
-1.999000358581542969e+01	-7.818675231933593750e+01	-8.734897613525390625e+01
-1.409889221191406250e+01	-7.842070770263671875e+01	-4.553734207153320312e+01
-8.226061820983886719e+00	-5.998686599731445312e+01	-8.098081970214843750e+01
-1.807793807983398438e+01	-5.030270004272460938e+01	-4.533551788330078125e+01
-2.219681167602539062e+01	-9.059739685058593750e+01	-7.197460174560546875e+01
-3.045031166076660156e+01	-5.640607452392578125e+01	-5.236487960815429688e+01
-6.923083305358886719e+00	-6.094515228271484375e+01	-3.253659439086914062e+01
-1.079300689697265625e+01	-7.064067840576171875e+01	-3.221263885498046875e+01
-1.587450218200683594e+01	-5.237023162841796875e+01	-3.851100921630859375e+01
-1.554776287078857422e+01	-5.632803344726562500e+01	-5.727399444580078125e+01
-1.536747741699218750e+01	-4.741463470458984375e+01	-5.016819381713867188e+01
-1.955614852905273438e+01	-5.266233062744140625e+01	-6.060488128662109375e+01
-1.429931449890136719e+01	-5.306041336059570312e+01	-4.866349029541015625e+01
-2.141683387756347656e+01	-5.051313781738281250e+01	-3.970192337036132812e+01
-3.569607925415039062e+01	-6.684545898437500000e+01	-2.168906211853027344e+01
-3.096386146545410156e+01	-4.413254547119140625e+01	-5.026770401000976562e+01
-1.499070549011230469e+01	-3.506018066406250000e+01	-4.020170211791992188e+01
-1.651916885375976562e+01	-3.641286468505859375e+01	-4.745084762573242188e+01
-5.849559783935546875e+00	-2.381933975219726562e+01	-2.748440933227539062e+01
-9.318882942199707031e+00	-4.933679962158203125e+01	-4.526929473876953125e+01
-1.391397571563720703e+01	-5.785971832275390625e+01	-4.647682189941406250e+01
-8.189027786254882812e+00	-1.067479095458984375e+02	-6.704837799072265625e+01
-1.639485120773315430e+00	-6.092294311523437500e+01	-4.817606353759765625e+01
-2.083340835571289062e+01	-8.980965423583984375e+01	-6.077567672729492188e+01
-2.250627994537353516e+00	-2.297671699523925781e+01	-2.526545333862304688e+01
-7.268608093261718750e+00	-4.281690979003906250e+01	-4.882989501953125000e+01
-1.380699729919433594e+01	-6.130085372924804688e+01	-5.515405273437500000e+01
-9.666234970092773438e+00	-6.360455322265625000e+01	-6.394840621948242188e+01
-6.515826416015625000e+01	-4.786959457397460938e+01	-6.664288330078125000e+01
-1.779377937316894531e+01	-6.782066345214843750e+01	-8.326865386962890625e+01
-1.133768844604492188e+01	-5.300706100463867188e+01	1.636408615112304688e+01
6.510920524597167969e+00	-4.795375442504882812e+01	-1.399573040008544922e+01
-9.296534657478332520e-01	-5.623745727539062500e+01	-5.443629837036132812e+01
-3.635199737548828125e+01	-6.973100280761718750e+01	-4.818454360961914062e+01
8.508895874023437500e+00	-4.867463302612304688e+01	1.198346900939941406e+01
-3.075360488891601562e+01	-7.154382324218750000e+01	-4.636449432373046875e+01
-9.252389907836914062e+00	-5.547267532348632812e+01	-1.135329818725585938e+01
-2.271404075622558594e+01	-1.259006195068359375e+02	-6.355475616455078125e+01
-1.119160938262939453e+01	-6.766089630126953125e+01	-6.722572326660156250e+01
-1.101510047912597656e+01	-6.837315368652343750e+01	-4.931875610351562500e+01
-1.200005149841308594e+01	-7.152139282226562500e+01	-5.456888961791992188e+01
-1.878373527526855469e+01	-8.406314086914062500e+01	-5.366390991210937500e+01
-2.316044425964355469e+01	-5.976788330078125000e+01	-6.511527252197265625e+01
-2.055303001403808594e+01	-5.244248199462890625e+01	-4.824593353271484375e+01
-1.583658885955810547e+01	-6.653932952880859375e+01	-6.945658874511718750e+01
-9.170979499816894531e+00	-6.331180572509765625e+01	-4.961516571044921875e+01
8.002405166625976562e-01	-4.449744415283203125e+01	-6.176882171630859375e+01
-1.943676376342773438e+01	-7.280167388916015625e+01	-7.194828796386718750e+01
-1.774489021301269531e+01	-5.755701446533203125e+01	-7.960597229003906250e+01
-1.248758125305175781e+01	-4.598976516723632812e+01	-6.250986480712890625e+01
-7.369019508361816406e+00	-6.390909957885742188e+01	-6.441958618164062500e+01
-7.495226383209228516e+00	-6.294121170043945312e+01	-5.913862991333007812e+01
-1.632827758789062500e+01	-7.011473846435546875e+01	-4.197692871093750000e+01
-1.066664600372314453e+01	-7.075914001464843750e+01	-6.002152633666992188e+01
-1.273183059692382812e+01	-6.190092849731445312e+01	-6.486466217041015625e+01
-9.535250663757324219e+00	-6.026893997192382812e+01	-4.484543228149414062e+01
-7.149732708930969238e-01	-5.891003417968750000e+01	-4.636110687255859375e+01
-3.084434032440185547e+00	-5.731066894531250000e+01	-6.465438079833984375e+01
-4.014871120452880859e+00	-5.832914352416992188e+01	-4.535531616210937500e+01
-2.392228317260742188e+01	-6.885754394531250000e+01	-8.911951446533203125e+01
-4.705833435058593750e+00	-5.915778732299804688e+01	-1.123642349243164062e+02
-1.212492561340332031e+01	-7.426939392089843750e+01	-6.528720092773437500e+01
-1.749125671386718750e+01	-4.086426544189453125e+01	-6.060590362548828125e+01
-1.535356903076171875e+01	-5.139519119262695312e+01	-8.574400329589843750e+01
-1.899723625183105469e+01	-4.699093627929687500e+01	-9.093412017822265625e+01
-1.932496261596679688e+01	-6.553845977783203125e+01	-5.809837722778320312e+01
-2.764190673828125000e+01	-7.773996734619140625e+01	-5.840972900390625000e+01
-1.036791038513183594e+01	-4.370437622070312500e+01	-6.625401306152343750e+01
-1.262293910980224609e+01	-3.752429199218750000e+01	-4.345282745361328125e+01
-1.922966575622558594e+01	-8.100211334228515625e+01	-5.729807281494140625e+01
-2.352076339721679688e+01	-5.162006378173828125e+01	-5.833816528320312500e+01
-2.625529479980468750e+01	-6.377069091796875000e+01	-6.527848052978515625e+01
-1.335445880889892578e+01	-6.490887451171875000e+01	-4.612228012084960938e+01
3.052775192260742188e+01	-5.450365066528320312e+01	-5.104640960693359375e+01
4.508165740966796875e+01	-4.497104644775390625e+01	-4.183676528930664062e+01
6.882970333099365234e+00	-9.334002685546875000e+01	-5.383455657958984375e+01
-1.320656776428222656e+01	-6.329133224487304688e+01	-4.653543853759765625e+01
-6.298104763031005859e+00	-4.208831405639648438e+01	-5.306114959716796875e+01
-1.342515373229980469e+01	-2.492178916931152344e+01	-2.839811325073242188e+01
-2.135131454467773438e+01	-3.368009185791015625e+01	-3.387703323364257812e+01
-5.395416259765625000e+01	-5.043862152099609375e+01	-4.874486541748046875e+01
-1.848940658569335938e+01	-5.253073883056640625e+01	-3.547617340087890625e+01
-3.835527038574218750e+01	-6.375449371337890625e+01	-7.390110015869140625e+01
-2.706320190429687500e+01	-4.628128433227539062e+01	-4.004685592651367188e+01
2.134763717651367188e+01	-3.890557098388671875e+01	-4.926001739501953125e+01
-4.469594478607177734e+00	-5.388508987426757812e+01	-5.632529830932617188e+01
-5.767686367034912109e+00	-5.554033660888671875e+01	-4.825399780273437500e+01
-1.005301666259765625e+01	-3.736533355712890625e+01	-2.964262008666992188e+01
-3.339238357543945312e+01	-5.387226104736328125e+01	-4.665320587158203125e+01
-3.801895141601562500e+01	-4.927529525756835938e+01	-6.320024490356445312e+01
-1.377588939666748047e+01	-2.407532119750976562e+01	-3.314091873168945312e+01
-2.781938743591308594e+01	-4.437744522094726562e+01	-4.985070800781250000e+01
2.323347091674804688e+01	-5.735589599609375000e+01	-5.423494720458984375e+01
-2.590711021423339844e+01	-6.900487518310546875e+01	-5.275289916992187500e+01
-3.047698974609375000e+01	-4.905942916870117188e+01	-5.420368194580078125e+01
-5.971837234497070312e+01	-1.564387989044189453e+01	-4.128327941894531250e+01
-2.683357238769531250e+01	-4.933869171142578125e+01	-4.324779510498046875e+01
-5.760171413421630859e+00	-2.388974952697753906e+01	-5.595359420776367188e+01
-2.228776168823242188e+01	-3.326774978637695312e+01	-5.470230102539062500e+01
-2.022278785705566406e+01	-5.549425125122070312e+01	-4.009102249145507812e+01
-1.097339439392089844e+01	-7.722438812255859375e+01	-5.822455978393554688e+01
9.919371032714843750e+01	-5.677159500122070312e+01	-6.147933197021484375e+01
1.021774215698242188e+02	-3.215483856201171875e+01	-3.324858856201171875e+01
-1.445901298522949219e+01	-3.605753326416015625e+01	-4.236625289916992188e+01
-2.077433109283447266e+00	-4.697066116333007812e+01	-4.520109939575195312e+01
-4.314365768432617188e+01	-1.597288799285888672e+01	-8.085202789306640625e+01
-4.008369445800781250e+01	-3.595248413085937500e+01	-4.379562759399414062e+01
-2.325756645202636719e+01	-4.527439498901367188e+01	-4.232880401611328125e+01
-2.097773170471191406e+01	-1.774542808532714844e+01	-3.839622879028320312e+01
-3.290989303588867188e+01	-3.974648666381835938e+01	-5.287653350830078125e+01
2.186949348449707031e+01	-4.636174392700195312e+01	-4.469589233398437500e+01
-1.366738605499267578e+01	-3.626033020019531250e+01	-5.580982208251953125e+01
3.140049743652343750e+01	-3.965199661254882812e+01	-5.981004714965820312e+01
2.690599203109741211e+00	-4.057484436035156250e+01	-4.232427215576171875e+01
-5.427433967590332031e+00	-3.981467056274414062e+01	-5.154497146606445312e+01
7.415785312652587891e+00	-5.002915191650390625e+01	-3.195777893066406250e+01
1.281181049346923828e+01	-3.221492385864257812e+01	-2.920167922973632812e+01
-7.581273555755615234e+00	-5.919757080078125000e+01	-5.964611816406250000e+01
-2.854776573181152344e+01	-6.236618804931640625e+01	-5.586987304687500000e+01
-2.521225357055664062e+01	-5.904893875122070312e+01	-5.600228118896484375e+01
-2.938388442993164062e+01	-5.492095184326171875e+01	-5.235110473632812500e+01
4.585256195068359375e+01	-9.949955749511718750e+01	-4.562691497802734375e+01
-5.380508422851562500e+01	-5.564707183837890625e+01	-5.656522750854492188e+01
-1.405357646942138672e+01	-2.061537981033325195e+00	-4.317547225952148438e+01
-1.677124786376953125e+01	-1.976450347900390625e+01	-5.521028518676757812e+01
5.577828979492187500e+01	-3.259969329833984375e+01	-6.651894378662109375e+01
-2.514977264404296875e+01	-4.482653617858886719e+00	-3.663869094848632812e+01
4.737328338623046875e+01	-2.203074645996093750e+01	-4.597865676879882812e+01
-1.240835094451904297e+01	-2.835167503356933594e+01	-5.827115631103515625e+01
3.112485885620117188e+01	-1.239104270935058594e+01	-4.383600234985351562e+01
-1.421853065490722656e+01	-3.958091354370117188e+01	-4.930727386474609375e+01
9.120539855957031250e+01	-3.852528762817382812e+01	-4.852986907958984375e+01
-1.144989395141601562e+01	-3.458084869384765625e+01	-3.729490280151367188e+01
6.112509250640869141e+00	-2.640820693969726562e+01	-8.217015075683593750e+01
1.112639713287353516e+01	-2.552769851684570312e+01	-1.459253215789794922e+01
5.804241943359375000e+01	-4.677426910400390625e+01	-6.621905517578125000e+01
-5.059720230102539062e+01	-4.378223419189453125e+01	-4.125559997558593750e+01
-1.170946884155273438e+01	-2.719554138183593750e+01	-3.874505233764648438e+01
-2.478792572021484375e+01	-3.464821243286132812e+01	-3.681827545166015625e+01
6.831413269042968750e+00	-2.205798721313476562e+01	-6.740156555175781250e+01
2.885108566284179688e+01	-1.342634010314941406e+01	-5.321855545043945312e+01
1.322996826171875000e+02	-1.438575267791748047e+01	-5.806646728515625000e+01
3.560641479492187500e+01	-5.842465972900390625e+01	-3.672822952270507812e+01
-8.658167266845703125e+01	-1.900679588317871094e+01	-2.697700119018554688e+01
-1.056310844421386719e+01	-4.533041763305664062e+01	-3.262032318115234375e+01
-1.085736751556396484e+01	-6.529659271240234375e+00	-4.436223602294921875e+01
-8.224781990051269531e+00	-2.583126258850097656e+01	-5.661862945556640625e+01
-3.974140167236328125e+01	-5.182957077026367188e+01	-4.125771331787109375e+01
5.322248077392578125e+01	-4.801029205322265625e+00	-1.659312438964843750e+01
-5.699756622314453125e+01	-3.860414123535156250e+01	-2.914387893676757812e+01
-1.013734626770019531e+01	-2.600390243530273438e+01	-2.841097450256347656e+01
-9.949684143066406250e-01	-1.817620658874511719e+01	-2.981885147094726562e+01
4.311159896850585938e+01	-8.273150444030761719e+00	-1.007122611999511719e+01
-6.376478958129882812e+01	-4.189254379272460938e+01	-2.212938690185546875e+01
-2.714498901367187500e+01	-5.467117786407470703e+00	-2.473253822326660156e+01
-1.028804016113281250e+01	-1.103930950164794922e+01	-2.169491195678710938e+01
-5.899914741516113281e+00	-1.211127090454101562e+01	-2.272567749023437500e+01
2.063667106628417969e+01	-1.593792724609375000e+01	-3.197082138061523438e+01
-2.312857627868652344e+01	-2.702227783203125000e+01	-2.723390197753906250e+01
-3.344661712646484375e+01	-2.360796737670898438e+01	-1.100689315795898438e+01
-2.228116989135742188e+01	-2.823965454101562500e+01	-4.709353637695312500e+01
5.343076324462890625e+01	-6.125259399414062500e+00	-3.067065811157226562e+01
-9.162570834159851074e-01	-1.811799240112304688e+01	-3.537447738647460938e+01
-8.101864814758300781e+00	-3.382797622680664062e+01	-2.312170600891113281e+01
9.650177001953125000e+01	-1.677835273742675781e+01	-5.937662506103515625e+01
5.037371063232421875e+01	-1.124015712738037109e+01	-5.663515472412109375e+01
1.300771636962890625e+02	-1.048609352111816406e+01	-3.404484558105468750e+01
7.694318389892578125e+01	-1.964567184448242188e+01	-3.155352401733398438e+01
-5.820979118347167969e+00	-1.648287200927734375e+01	-6.525401306152343750e+01
5.948612594604492188e+01	-5.903558731079101562e+00	-1.395866584777832031e+01
4.307302474975585938e+01	-7.050756931304931641e+00	-3.203716278076171875e+01
9.465016174316406250e+01	-3.488562393188476562e+01	-4.502527618408203125e+01
-3.061201095581054688e+01	-1.918815040588378906e+01	-5.554404830932617188e+01
-1.803886795043945312e+01	-2.324018859863281250e+01	-4.678734970092773438e+01
7.558433532714843750e+01	-2.423192977905273438e+01	-6.473364257812500000e+01
-6.160090923309326172e+00	-1.306196594238281250e+01	-3.850740814208984375e+01
9.024220275878906250e+01	-2.286011314392089844e+01	-1.916234397888183594e+01
1.465830230712890625e+01	-2.093963050842285156e+01	-5.310927581787109375e+01
-1.823438835144042969e+01	-1.065990638732910156e+01	-5.388681793212890625e+01
1.988378715515136719e+01	-1.632655906677246094e+01	-2.424162673950195312e+01
-1.599516010284423828e+01	-2.314770126342773438e+01	-7.594346618652343750e+01
1.976348876953125000e+00	-1.995877647399902344e+01	-1.941616439819335938e+01
8.322250366210937500e+01	1.608920097351074219e+01	-2.004713058471679688e+01
-1.874810409545898438e+01	-1.992842483520507812e+01	-1.136181259155273438e+01
7.609538078308105469e+00	-1.260433292388916016e+01	-4.103504943847656250e+01
1.000858001708984375e+02	-1.308387470245361328e+01	-2.834283065795898438e+01
1.792560958862304688e+01	-1.186407661437988281e+01	-5.629797363281250000e+01
4.659978485107421875e+01	-2.488318252563476562e+01	-4.548768615722656250e+01
1.545640563964843750e+02	-7.986712455749511719e+00	-2.002565383911132812e+01
-4.234733200073242188e+01	-2.692786455154418945e+00	-3.119614601135253906e+01
8.285255432128906250e+01	1.400579512119293213e-01	-3.851700210571289062e+01
2.625439453125000000e+01	-1.247615623474121094e+01	-1.769040107727050781e+01
1.230974912643432617e+00	-1.931451797485351562e+00	-6.326662445068359375e+01
-1.497952270507812500e+01	-1.843101119995117188e+01	-3.985702896118164062e+01
-8.469613647460937500e+01	-8.504053115844726562e+00	-3.555244445800781250e+01
2.440833663940429688e+01	9.044572830200195312e+00	-1.901749801635742188e+01
2.310237693786621094e+01	2.398992478847503662e-01	-5.643200683593750000e+01
1.277358016967773438e+02	-1.245332241058349609e+01	-2.216796302795410156e+01
1.643888854980468750e+02	-2.518231582641601562e+01	-1.023863372802734375e+02
-4.783708953857421875e+01	-4.401895523071289062e+00	-5.468336582183837891e+00
1.339514160156250000e+02	-1.717411041259765625e+01	-4.604593276977539062e+01
-1.595791625976562500e+01	-1.311036396026611328e+01	-2.615799903869628906e+01
-2.456941604614257812e+01	-1.362878704071044922e+01	-1.014825725555419922e+01
1.626298828125000000e+02	-2.956986999511718750e+01	-3.091683578491210938e+01
2.506564140319824219e+01	-1.190129661560058594e+01	-3.255682373046875000e+01
1.217171478271484375e+02	-9.324613571166992188e+00	-4.032120895385742188e+01
4.169528007507324219e+00	1.712635040283203125e+00	-2.317282295227050781e+01
-3.090001296997070312e+01	-2.890893554687500000e+01	-7.699850559234619141e+00
-1.312589569091796875e+02	8.890609741210937500e+00	1.286097764968872070e+00
-1.020439338684082031e+01	-3.856903553009033203e+00	-3.508171844482421875e+01
9.490063476562500000e+01	-4.575793266296386719e+00	-2.104792976379394531e+01
6.165047454833984375e+01	-2.367154884338378906e+01	-3.269932556152343750e+01
-8.706388473510742188e+00	-1.560255622863769531e+01	-3.503738021850585938e+01
-4.744344329833984375e+01	-1.178906154632568359e+01	-1.606801414489746094e+01
1.060516967773437500e+02	-5.161763191223144531e+00	-2.824224472045898438e+00
-1.284793663024902344e+01	-1.301254844665527344e+01	1.266546440124511719e+01
-3.673123550415039062e+01	-1.706294822692871094e+01	1.258012485504150391e+01
1.554076671600341797e+01	-5.935187339782714844e+00	3.053586196899414062e+01
-4.832831192016601562e+01	-1.778069686889648438e+01	-1.751790237426757812e+01
-5.134471893310546875e+01	-7.197550773620605469e+00	1.103163070678710938e+02
1.811961364746093750e+01	-2.209992790222167969e+01	-4.275160598754882812e+01
-3.998952102661132812e+01	-3.080854654312133789e+00	-1.313267517089843750e+01
1.102813720703125000e+02	-2.269691944122314453e+00	1.258890724182128906e+01
1.230792007446289062e+02	-2.674567699432373047e+00	4.142359256744384766e+00
1.501820678710937500e+02	-3.116972446441650391e+00	-1.234758949279785156e+01
8.856286621093750000e+01	-3.202771759033203125e+01	-3.548740768432617188e+01
-5.459101104736328125e+01	-2.404006004333496094e+01	-1.418374061584472656e+01
1.540915374755859375e+02	-2.647179603576660156e+01	-3.503826522827148438e+01
-1.186662197113037109e+01	-7.177825927734375000e+00	-4.151282501220703125e+01
1.373144507408142090e+00	2.125722885131835938e+00	3.175757980346679688e+01
9.167511749267578125e+01	-3.528791046142578125e+01	-7.394972229003906250e+01
8.596787261962890625e+01	-1.526866149902343750e+01	1.040858383178710938e+02
9.389311981201171875e+01	-4.359473705291748047e+00	-8.523509979248046875e+01
9.175473022460937500e+01	6.711285591125488281e+00	-2.236307907104492188e+01
3.182689476013183594e+01	-4.705822372436523438e+01	-7.729910373687744141e+00
1.690678100585937500e+02	-4.547565078735351562e+01	-6.323810815811157227e-01
9.117375946044921875e+01	-3.464434051513671875e+01	1.337357482910156250e+02
9.941535949707031250e+01	-1.737717056274414062e+01	4.175220108032226562e+01
5.296372222900390625e+01	-1.835270309448242188e+01	-3.356137847900390625e+01
1.443267669677734375e+02	-2.056869125366210938e+01	6.261132049560546875e+01
1.386532440185546875e+02	-8.317447900772094727e-01	-6.166038131713867188e+01
7.539476013183593750e+01	-2.626540184020996094e+01	2.970025062561035156e+01
6.966441345214843750e+01	-3.048873519897460938e+01	9.902202606201171875e+01
5.247686004638671875e+01	-6.930090427398681641e+00	2.457259178161621094e+01
-3.914756393432617188e+01	-3.331575775146484375e+01	-9.176671600341796875e+01
1.831453857421875000e+02	-8.870431900024414062e+00	9.826990509033203125e+01
1.247858505249023438e+02	-2.286104583740234375e+01	-1.050852661132812500e+02
1.340426330566406250e+02	4.336851119995117188e+01	8.101121520996093750e+01
1.794038009643554688e+01	3.974193954467773438e+01	-8.453536987304687500e+01
9.426167297363281250e+01	-1.049377155303955078e+01	-7.988522529602050781e+00
1.165381088256835938e+02	-3.652453231811523438e+01	-5.774363327026367188e+01
2.002776947021484375e+02	-1.669243240356445312e+01	-3.113936805725097656e+01
6.640791320800781250e+01	-7.493087768554687500e+01	-7.589105129241943359e+00
1.579817810058593750e+02	2.188224717974662781e-02	1.294328308105468750e+02
1.342203674316406250e+02	4.616669654846191406e+00	-6.432154083251953125e+01
1.850892333984375000e+02	-1.914289855957031250e+01	1.031550064086914062e+02
1.931468048095703125e+02	-4.041485595703125000e+01	6.407081604003906250e+01
7.695809173583984375e+01	-1.469947242736816406e+01	8.121865844726562500e+01
9.671382141113281250e+01	-2.503924560546875000e+01	4.975925064086914062e+01
4.754921722412109375e+01	-1.301636219024658203e+01	4.160142421722412109e+00
1.363143615722656250e+02	4.376782226562500000e+01	8.306861114501953125e+01
4.684758758544921875e+01	-3.288502502441406250e+01	1.378013305664062500e+02
1.826729888916015625e+02	-6.695924377441406250e+01	1.074508666992187500e+01
1.990874176025390625e+02	-2.018468093872070312e+01	1.185750274658203125e+02
1.211262054443359375e+02	-4.166176223754882812e+01	7.563899993896484375e+01
2.096711883544921875e+02	-4.040464782714843750e+01	-7.027564048767089844e+00
1.259637680053710938e+02	5.443731689453125000e+01	7.338807678222656250e+01
1.162559585571289062e+02	-2.677681922912597656e+01	6.038412475585937500e+01
1.888492431640625000e+02	-2.921854591369628906e+01	1.068394546508789062e+02
-4.689202117919921875e+01	-2.910862159729003906e+01	1.225432891845703125e+02
3.416029357910156250e+01	-6.109720993041992188e+01	1.779812927246093750e+02
1.098631820678710938e+02	-7.220475769042968750e+01	1.361594238281250000e+02
1.463895721435546875e+02	-1.482193756103515625e+01	8.394383239746093750e+01
1.478824157714843750e+02	4.043255233764648438e+01	1.414071960449218750e+02
5.900016403198242188e+01	-1.696752548217773438e+01	-2.026379013061523438e+01
1.410769348144531250e+02	-8.170285797119140625e+01	8.031528472900390625e+01
1.951600036621093750e+02	5.794910812377929688e+01	1.033733673095703125e+02
1.777237243652343750e+02	-2.270997238159179688e+01	-5.458550453186035156e+00
1.339681854248046875e+02	1.150669708251953125e+02	1.334972381591796875e-01
1.307361297607421875e+02	-1.249900054931640625e+01	1.693612976074218750e+02
1.119806365966796875e+02	1.140587158203125000e+02	-2.702911496162414551e-01
1.557007904052734375e+02	-5.176854133605957031e+00	2.178803405761718750e+02
1.515085754394531250e+02	-6.456022644042968750e+01	1.096498031616210938e+02
1.465126953125000000e+02	-3.460195660591125488e-01	1.684978637695312500e+02
1.495340270996093750e+02	-5.079785537719726562e+01	1.197599487304687500e+02
1.552545776367187500e+02	9.727749633789062500e+01	6.775103759765625000e+01
2.018748779296875000e+02	-2.576935386657714844e+01	2.190437316894531250e+02
2.089098205566406250e+02	-2.415338897705078125e+01	2.080629425048828125e+02
1.331519470214843750e+02	-7.003149414062500000e+01	1.816441192626953125e+02
9.348061370849609375e+01	-9.174946594238281250e+01	4.211753082275390625e+01
9.840994262695312500e+01	8.888801574707031250e+00	1.731266174316406250e+02
5.108391571044921875e+01	-4.807715606689453125e+01	1.769491271972656250e+02
4.677107620239257812e+01	6.194393920898437500e+01	9.656466674804687500e+01
1.585453796386718750e+02	-4.466123199462890625e+01	9.798178100585937500e+01
2.121140594482421875e+02	-2.804619789123535156e+01	8.121692657470703125e+01
2.251672363281250000e+02	-7.527842712402343750e+01	1.811464996337890625e+02
1.531440734863281250e+02	-9.104779052734375000e+01	9.194898986816406250e+01
1.395652618408203125e+02	-4.323749160766601562e+01	1.524873046875000000e+02
2.020262336730957031e+01	7.877603912353515625e+01	1.102276229858398438e+02
1.906706848144531250e+02	-1.298624897003173828e+01	1.198345489501953125e+02
1.540558776855468750e+02	-2.901983070373535156e+01	1.788762969970703125e+02
1.294941101074218750e+02	-5.663655471801757812e+01	1.327180786132812500e+02
1.410263519287109375e+02	-2.047684097290039062e+01	1.384687042236328125e+02
1.991343994140625000e+02	-7.429639434814453125e+01	2.061346893310546875e+02
1.303881683349609375e+02	-3.651182937622070312e+01	2.169386444091796875e+02
1.958356475830078125e+02	-8.295019531250000000e+01	1.900169677734375000e+02
1.782947387695312500e+02	5.200031280517578125e+01	1.191529998779296875e+02
1.328433227539062500e+02	-8.956208801269531250e+01	1.551910552978515625e+02
1.455193176269531250e+02	-2.107738876342773438e+01	2.063396301269531250e+02
1.252753448486328125e+02	-5.312694168090820312e+01	1.673203430175781250e+02
1.642239074707031250e+02	1.158392906188964844e+01	1.709178771972656250e+02
9.726082611083984375e+01	4.995090866088867188e+01	2.066023864746093750e+02
1.545522766113281250e+02	-1.558501911163330078e+01	2.131068420410156250e+02
5.289592361450195312e+01	-2.051161575317382812e+01	1.034055404663085938e+02
4.991881561279296875e+01	6.300674438476562500e+00	1.543327636718750000e+02
1.364513702392578125e+02	1.063030242919921875e+02	1.123000869750976562e+02
1.387165069580078125e+02	-5.456562423706054688e+01	2.147559051513671875e+02
1.762655181884765625e+02	-5.166700363159179688e+01	2.255887451171875000e+02
1.924985046386718750e+02	6.404713439941406250e+01	1.632559967041015625e+02
1.863878784179687500e+02	4.079285430908203125e+01	2.104673767089843750e+02
2.046838684082031250e+02	-1.361436271667480469e+01	1.597705993652343750e+02
1.391039886474609375e+02	1.178906021118164062e+02	1.450381317138671875e+02
1.933105010986328125e+02	-6.622761535644531250e+01	8.995081329345703125e+01
1.563133544921875000e+02	4.831874465942382812e+01	1.427035980224609375e+02
1.908179321289062500e+02	3.368391799926757812e+01	2.072245635986328125e+02
6.449842834472656250e+01	1.167406845092773438e+02	9.123930358886718750e+01
7.927983856201171875e+01	-6.185448074340820312e+01	1.246494140625000000e+02
2.185124969482421875e+02	8.750503540039062500e+01	1.440377521514892578e+01
1.697453765869140625e+02	-7.006136322021484375e+01	1.953829650878906250e+02
1.062776489257812500e+02	-1.556488990783691406e+01	1.568297424316406250e+02
1.365082397460937500e+02	-1.050449218750000000e+02	1.476711730957031250e+02
2.244896545410156250e+02	-5.019344329833984375e+01	1.027203598022460938e+02
2.107084045410156250e+02	6.563578796386718750e+01	1.410282745361328125e+02
6.173955154418945312e+01	3.231466293334960938e+01	1.585510711669921875e+02
1.531709747314453125e+02	7.181303405761718750e+01	2.056538848876953125e+02
1.882593994140625000e+02	1.262135009765625000e+02	2.140084686279296875e+02
8.930335998535156250e+01	6.432442474365234375e+01	-2.998132324218750000e+01
1.659795684814453125e+02	3.051274108886718750e+01	2.063849182128906250e+02
9.321952819824218750e+01	7.743412780761718750e+01	2.238630676269531250e+02
1.481109313964843750e+02	1.052458877563476562e+02	1.869223937988281250e+02
1.471267547607421875e+02	-3.262465286254882812e+01	2.179088592529296875e+02
1.966163024902343750e+02	-3.072135925292968750e+01	1.174909667968750000e+02
1.769718017578125000e+02	8.709987640380859375e+01	1.382825469970703125e+02
2.085689392089843750e+02	9.990190124511718750e+01	1.176288604736328125e+02
1.299243621826171875e+02	-1.573992633819580078e+01	1.101085186004638672e+01
2.046601257324218750e+02	1.258382339477539062e+02	1.696358947753906250e+02
2.051967315673828125e+02	9.377087402343750000e+01	1.172705917358398438e+02
1.563242034912109375e+02	9.414192199707031250e+01	2.280813293457031250e+02
6.701991271972656250e+01	1.585266113281250000e+02	1.539491271972656250e+02
2.215755920410156250e+02	4.188863754272460938e+01	2.124242248535156250e+02
1.715885009765625000e+02	5.517284011840820312e+01	1.447016143798828125e+02
1.930127563476562500e+02	1.081842422485351562e+02	2.244740295410156250e+02
8.696048736572265625e+01	4.986654758453369141e+00	1.570322418212890625e+02
1.377235412597656250e+02	2.338200759887695312e+01	1.903381500244140625e+02
1.596666870117187500e+02	1.160868301391601562e+02	2.495863494873046875e+02
2.003342895507812500e+02	5.671242523193359375e+01	1.805170440673828125e+02
2.027709045410156250e+02	1.925966072082519531e+01	2.017176208496093750e+02
1.295005035400390625e+02	8.700241088867187500e+01	1.889078674316406250e+02
1.739761047363281250e+02	5.122794342041015625e+01	2.370846710205078125e+02
2.289087371826171875e+02	-5.984351730346679688e+01	8.171614074707031250e+01
1.555982360839843750e+02	7.427486419677734375e+01	1.482586364746093750e+02
1.312482604980468750e+02	2.503759384155273438e+01	5.253421783447265625e+01
1.286250915527343750e+02	1.021198577880859375e+02	1.858507385253906250e+02
9.911292266845703125e+01	8.487046813964843750e+01	1.791424102783203125e+02
1.995520019531250000e+02	1.362525367736816406e+01	1.999436492919921875e+02
2.249729919433593750e+02	7.686817169189453125e+01	2.464377746582031250e+02
5.443038177490234375e+01	1.233904647827148438e+02	9.188188171386718750e+01
1.574455718994140625e+02	8.695707702636718750e+01	1.306949768066406250e+02
3.031604003906250000e+01	1.084670257568359375e+02	1.522608795166015625e+02
1.922027130126953125e+02	-1.354481220245361328e+01	2.259050750732421875e+02
2.108461914062500000e+02	1.422966766357421875e+02	1.635147247314453125e+02
4.560141086578369141e+00	7.221987152099609375e+01	1.543238525390625000e+02
1.510265045166015625e+02	1.077932357788085938e+02	2.151969299316406250e+02
4.574745941162109375e+01	1.254098281860351562e+02	1.434467926025390625e+02
1.530837860107421875e+02	1.309139556884765625e+02	1.724467773437500000e+02
2.040816345214843750e+02	1.322920532226562500e+02	1.597510070800781250e+02
1.539027099609375000e+02	1.567148437500000000e+02	9.700016784667968750e+01
1.645755004882812500e+02	1.299117431640625000e+02	1.596266174316406250e+02
2.111847381591796875e+02	1.662796630859375000e+02	1.441237030029296875e+02
1.695102844238281250e+02	-5.198233127593994141e+00	1.396499938964843750e+02
1.375490112304687500e+02	1.098713378906250000e+02	1.065145721435546875e+02
2.021542816162109375e+02	-5.398310089111328125e+01	1.929964294433593750e+02
2.310688476562500000e+02	6.703859710693359375e+01	2.011412048339843750e+02
1.873673400878906250e+02	4.637981414794921875e+01	1.630390167236328125e+02
1.920934753417968750e+02	-2.864943504333496094e+01	1.598992004394531250e+02
1.824295959472656250e+02	7.916783905029296875e+01	1.777917480468750000e+02
1.858010711669921875e+02	1.417130737304687500e+02	1.823187561035156250e+02
1.890060424804687500e+02	8.432865905761718750e+01	1.527065582275390625e+02
1.966315612792968750e+02	1.321039733886718750e+02	1.374404296875000000e+02
1.856172790527343750e+02	2.422953796386718750e+01	1.779792633056640625e+02
2.240055847167968750e+02	6.841511535644531250e+01	1.843292541503906250e+02
2.035514831542968750e+02	7.563477325439453125e+01	1.611183776855468750e+02
1.947131652832031250e+02	-9.424427986145019531e+00	1.908564910888671875e+02
2.371409912109375000e+02	1.603208770751953125e+02	2.107370605468750000e+02
2.138051300048828125e+02	7.711722564697265625e+01	8.551753234863281250e+01
2.244702453613281250e+02	9.975186157226562500e+01	2.025730285644531250e+02
-6.910611724853515625e+01	6.951840972900390625e+01	2.090685272216796875e+02
1.775612030029296875e+02	2.179728317260742188e+01	1.116628875732421875e+02
2.131685791015625000e+02	1.377070007324218750e+02	1.908932952880859375e+02
1.081192474365234375e+02	1.654248657226562500e+02	9.177713012695312500e+01
1.345427856445312500e+02	9.354180908203125000e+01	1.112401504516601562e+02
2.229728698730468750e+02	5.345704269409179688e+01	1.570466461181640625e+02
1.869112854003906250e+02	1.291263275146484375e+02	9.879549407958984375e+01
1.152160263061523438e+02	9.918723297119140625e+01	1.953773498535156250e+02
1.704349136352539062e+01	1.043393783569335938e+02	2.302975769042968750e+02
2.288574523925781250e+02	8.426067352294921875e+01	1.555180358886718750e+02
2.469639434814453125e+02	1.477991180419921875e+02	1.581887817382812500e+02
1.577402038574218750e+02	6.749118804931640625e+01	8.212492370605468750e+01
1.504963684082031250e+02	5.028252410888671875e+01	1.951736297607421875e+02
2.302722625732421875e+02	1.415058593750000000e+02	2.363668975830078125e+02
1.666707916259765625e+02	8.154890441894531250e+01	2.152519989013671875e+02
9.166171264648437500e+01	3.771313095092773438e+01	1.197941131591796875e+02
7.517356872558593750e+01	8.567909240722656250e+01	1.531597137451171875e+02
1.213149261474609375e+02	4.375496673583984375e+01	1.429349822998046875e+02
2.453979034423828125e+02	1.083927059173583984e+01	2.349567565917968750e+02
1.108039550781250000e+02	5.504769134521484375e+01	1.397688598632812500e+02
4.110923767089843750e+01	1.122863769531250000e+02	1.658797912597656250e+02
1.419248504638671875e+02	6.031483840942382812e+01	1.890957183837890625e+02
1.641962280273437500e+02	9.731175231933593750e+01	2.273751678466796875e+02
2.559804992675781250e+02	1.376875591278076172e+01	2.220186462402343750e+02
2.104225311279296875e+02	1.547799491882324219e+01	1.321163177490234375e+02
2.275397033691406250e+02	3.182818031311035156e+01	1.346719512939453125e+02
9.702861022949218750e+01	4.552716064453125000e+01	1.521201782226562500e+02
1.600679016113281250e+02	1.165586318969726562e+02	8.033320617675781250e+01
5.509287261962890625e+01	8.792436218261718750e+01	1.283738403320312500e+02
2.583577270507812500e+02	1.767023010253906250e+02	1.441939697265625000e+02
1.963088836669921875e+02	2.116177940368652344e+01	1.596203918457031250e+02
5.605501556396484375e+01	-1.172983779907226562e+02	2.372509765625000000e+02
1.121504364013671875e+02	1.152898559570312500e+02	1.052547988891601562e+02
1.942972412109375000e+02	3.367667770385742188e+01	1.499525146484375000e+02
1.983726654052734375e+02	1.177638320922851562e+02	1.952279968261718750e+02
2.315330047607421875e+02	9.838706970214843750e+01	1.855253448486328125e+02
1.897963562011718750e+02	1.412917633056640625e+02	1.363780822753906250e+02
2.044368438720703125e+02	-9.212792968750000000e+01	1.855210571289062500e+02
2.163605957031250000e+02	9.313140869140625000e+01	1.549038238525390625e+02
2.255994567871093750e+02	1.450478649139404297e+01	1.589480285644531250e+02
2.147402648925781250e+02	5.662502288818359375e+01	1.479437408447265625e+02
2.463164825439453125e+02	1.288461761474609375e+02	1.564368896484375000e+02
1.193320083618164062e+02	8.717571258544921875e+01	2.657529830932617188e+01
2.164127502441406250e+02	6.791581726074218750e+01	2.149230651855468750e+02
1.785264129638671875e+02	1.272995834350585938e+02	1.710932922363281250e+02
1.782792968750000000e+02	7.048742771148681641e+00	1.077987289428710938e+02
-7.332851409912109375e+01	8.104270935058593750e+01	2.360006408691406250e+02
2.517372741699218750e+02	6.650766754150390625e+01	2.240737609863281250e+02
2.354294128417968750e+02	3.802539062500000000e+01	2.397155761718750000e+02
1.994969787597656250e+02	7.695059204101562500e+01	2.123439025878906250e+02
2.241909179687500000e+02	1.175321655273437500e+02	2.205371856689453125e+02
1.676173400878906250e+02	8.987427520751953125e+01	2.318483428955078125e+02
2.082654113769531250e+02	6.720621490478515625e+01	1.452494049072265625e+02
2.396333465576171875e+02	1.515689239501953125e+02	2.426723175048828125e+02
1.137081680297851562e+02	8.225419616699218750e+01	1.729411926269531250e+02
2.370500030517578125e+02	7.806296539306640625e+01	1.889525604248046875e+02
2.176173858642578125e+02	1.380629425048828125e+02	1.434820709228515625e+02
1.955717468261718750e+02	6.276194381713867188e+01	1.530867462158203125e+02
1.954829711914062500e+02	1.304042816162109375e+02	1.572130279541015625e+02
2.660373840332031250e+02	8.736843872070312500e+01	-6.606401062011718750e+01
1.371611022949218750e+02	3.881920623779296875e+01	2.318083801269531250e+02
1.759352569580078125e+02	-2.647815704345703125e+00	1.779881896972656250e+02
1.573146362304687500e+02	1.433160400390625000e+02	1.809490203857421875e+02
2.549377441406250000e+02	1.615374450683593750e+02	2.154834289550781250e+02
2.613663635253906250e+02	1.515198974609375000e+02	2.147299041748046875e+02
2.149750976562500000e+02	1.125784530639648438e+02	2.055433044433593750e+02
2.449075622558593750e+02	1.482494049072265625e+02	2.089562530517578125e+02
2.220946960449218750e+02	1.483598022460937500e+02	1.324608459472656250e+02
1.438497009277343750e+02	3.143013381958007812e+01	1.632481231689453125e+02
2.329059600830078125e+02	1.251945037841796875e+02	1.961173706054687500e+02
2.410934143066406250e+02	1.134847869873046875e+02	1.383826904296875000e+02
2.076147918701171875e+02	3.770164489746093750e+01	1.820190734863281250e+02
2.307902069091796875e+02	-1.191270141601562500e+02	1.950152740478515625e+02
236.5958144	4.440162658691406250e+01	2.386407928466796875e+02
246.5876933	1.610336914062500000e+02	-3.230046844482421875e+01
242.3928262	7.108747100830078125e+01	1.892687988281250000e+01
202.0239964	1.635780792236328125e+02	2.354566650390625000e+02
209.483624	6.994607543945312500e+01	2.519670715332031250e+02
241.5801837	1.459356689453125000e+02	1.813544311523437500e+02
218.6108641	1.510052032470703125e+02	1.649139099121093750e+02
248.9137089	1.133911895751953125e+02	2.498670654296875000e+02
203.3328987	6.783772277832031250e+01	2.474007873535156250e+02
221.4032941	7.183268737792968750e+01	1.522232513427734375e+02
206.5798648	5.920824050903320312e+01	2.402662811279296875e+02
201.6425636	1.060329132080078125e+02	1.470849456787109375e+02
243.0872068	4.337615203857421875e+01	2.383954772949218750e+02
218.5920844	1.197098236083984375e+02	2.327998962402343750e+02
219.6912475	8.524824523925781250e+01	1.751253967285156250e+02
214.7916487	1.146739654541015625e+02	2.602786865234375000e+02
238.9443546	1.778296661376953125e+02	2.693978576660156250e+02
225.282551	1.850029602050781250e+02	1.921733093261718750e+02
214.988238	9.097255706787109375e+01	7.064068603515625000e+01
235.1194441	1.012968673706054688e+02	4.300930786132812500e+01
241.7969632	1.823886871337890625e+02	2.319979705810546875e+02
244.9394398	1.231304473876953125e+02	2.645379333496093750e+02
242.5353207	1.840456542968750000e+02	2.338044433593750000e+02
211.5646228	1.105900115966796875e+02	2.365654296875000000e+02
227.9879061	7.582817840576171875e+01	2.315809631347656250e+02
244.1177661	3.102618026733398438e+01	2.035326232910156250e+02
211.3374547	4.924429321289062500e+01	2.433798828125000000e+02
216.9005246	1.110259552001953125e+02	2.276867675781250000e+02
208.3889166	1.228534545898437500e+02	2.454380645751953125e+02
249.0959335	1.774084777832031250e+02	2.565469360351562500e+02
201.1081619	1.392890472412109375e+02	1.835510253906250000e+02
235.8166171	1.047641754150390625e+02	2.383450469970703125e+02
244.4848071	1.994698791503906250e+02	2.362720184326171875e+02
216.5865271	1.564099426269531250e+02	2.415392303466796875e+02
200.9484179	7.933551788330078125e+01	2.300285339355468750e+02
221.7658369	1.135425643920898438e+02	2.543551940917968750e+02
228.731432	5.426737213134765625e+01	2.406396942138671875e+02
202.1781832	-5.216347122192382812e+01	2.210688018798828125e+02
234.7491168	7.947333526611328125e+01	1.714006500244140625e+02
249.5444191	7.200721740722656250e+01	2.595158386230468750e+02
228.1332959	1.214376373291015625e+02	2.233775939941406250e+02
240.8188508	2.094471893310546875e+02	2.398202362060546875e+02
208.8932573	6.421773529052734375e+01	2.294272918701171875e+02
208.8268395	7.573802185058593750e+01	2.511582336425781250e+02
243.7252623	1.316460418701171875e+02	2.346950378417968750e+02
246.5637781	1.576104736328125000e+02	2.009698333740234375e+02
242.1932247	2.016588592529296875e+02	2.445139160156250000e+02
226.3153691	1.458590545654296875e+02	2.430494384765625000e+02
208.4640762	1.561782836914062500e+02	2.526573028564453125e+02
245.1843023	1.825594787597656250e+02	2.355235900878906250e+02
238.7562164	1.150415802001953125e+02	2.443167266845703125e+02
204.5430084	1.373004760742187500e+02	2.462172851562500000e+02
225.9828833	1.297288818359375000e+02	2.388009490966796875e+02
214.7310266	1.190512313842773438e+02	2.241253967285156250e+02
243.3064612	2.090043029785156250e+02	2.544361572265625000e+02
246.5974298	3.002457618713378906e+01	2.367838592529296875e+02
205.0934023	1.035074691772460938e+02	2.499973907470703125e+02
244.4731985	1.578273468017578125e+02	1.822854309082031250e+02
214.764023	1.220899887084960938e+02	2.250841979980468750e+02
211.5139328	1.364221191406250000e+02	2.068257751464843750e+02
244.2330261	1.394083251953125000e+02	1.624703063964843750e+02
237.3976564	1.649743194580078125e+02	1.531769409179687500e+02
233.3672076	1.360468750000000000e+02	2.085512390136718750e+02
213.4246408	1.565806579589843750e+02	1.986183624267578125e+02
207.7640434	-7.215499877929687500e-02	1.154081268310546875e+02
208.2061368	9.396081542968750000e+01	1.600994567871093750e+02
229.5025612	1.471285095214843750e+02	1.908722534179687500e+02
210.1976937	1.693597717285156250e+02	2.308039550781250000e+02
233.9527989	1.558051605224609375e+02	1.692795104980468750e+02
217.6634388	2.092993927001953125e+02	2.450768737792968750e+02
229.5341618	1.769476165771484375e+02	2.314848327636718750e+02
212.7588009	1.488806457519531250e+02	2.645934143066406250e+02
238.360921	1.704888305664062500e+02	1.383314514160156250e+02
236.684632	1.797281341552734375e+02	1.788002929687500000e+02
237.7410231	1.032300872802734375e+02	2.437114715576171875e+02
232.912759	1.879558410644531250e+02	1.718390808105468750e+02
207.5020768	1.816548614501953125e+02	1.830245819091796875e+02
238.2747851	2.185525360107421875e+02	2.379136047363281250e+02
220.1353231	1.378288726806640625e+02	1.876262054443359375e+02
238.8566297	1.728685302734375000e+02	1.954620208740234375e+02
206.9615162	1.789311676025390625e+02	2.270197448730468750e+02
201.0841048	1.357190246582031250e+02	1.993378448486328125e+02
231.8418471	3.034348678588867188e+01	2.087759246826171875e+02
228.7714187	2.099979553222656250e+02	1.858122253417968750e+02
244.195863	6.191304779052734375e+01	1.126656951904296875e+02
212.9812247	1.797814483642578125e+02	2.010619812011718750e+02
224.4650268	1.076595001220703125e+02	1.543303222656250000e+02
243.0358341	1.860578613281250000e+02	1.336678771972656250e+02
208.8915535	7.743131256103515625e+01	1.435801086425781250e+02
240.4410921	1.761529235839843750e+02	8.291416931152343750e+01
202.9134943	1.628694305419921875e+02	1.879814453125000000e+02
221.1411684	1.942946472167968750e+02	2.632737426757812500e+02
232.2943379	6.738277435302734375e+01	1.489546356201171875e+02
240.8757191	4.185710144042968750e+01	2.164988250732421875e+02
249.3509466	1.361584777832031250e+02	2.333251495361328125e+02
248.9724577	2.307345275878906250e+02	1.814198303222656250e+02
233.9959765	1.231410980224609375e+02	1.684335784912109375e+02
234.2861921	1.613725585937500000e+02	1.532047424316406250e+02
226.6808825	2.168960189819335938e+01	1.802257385253906250e+02
204.1838814	1.333202362060546875e+02	2.403642272949218750e+02
222.8528584	2.079037322998046875e+02	2.168485107421875000e+02
249.6181641	2.125500488281250000e+02	1.433547363281250000e+02
236.5929955	1.788383941650390625e+02	1.869427642822265625e+02
228.98121	1.803705902099609375e+02	1.411819152832031250e+02
241.0649504	1.732167663574218750e+02	1.455443878173828125e+02
242.281328	1.476029663085937500e+02	1.549677276611328125e+02
219.9807631	1.500099487304687500e+02	1.722550354003906250e+02
227.7937754	2.001524200439453125e+02	1.284737243652343750e+02
245.6071487	1.776429138183593750e+02	1.827879791259765625e+02
247.0873766	2.003099670410156250e+02	2.350688781738281250e+02
234.2899417	1.650895690917968750e+02	2.340780792236328125e+02
220.7309462	1.574244384765625000e+02	2.376260070800781250e+02
223.1797866	1.712874145507812500e+02	1.825244903564453125e+02
242.2339899	1.467352600097656250e+02	2.080515136718750000e+02
219.8589712	1.129810409545898438e+02	1.946299285888671875e+02
236.1623321	1.100929107666015625e+02	2.252130889892578125e+02
231.4769898	1.289254455566406250e+02	2.590775451660156250e+02
210.5930916	1.973410339355468750e+02	2.327618713378906250e+02
204.907392	2.302988739013671875e+02	2.256831359863281250e+02
243.5715062	1.983911285400390625e+02	1.365036163330078125e+02
239.729795	2.052505340576171875e+02	1.422423400878906250e+02
220.9161123	1.502386932373046875e+02	1.091771621704101562e+02
225.3094532	2.085037078857421875e+02	2.323070983886718750e+02
207.3505161	2.472389678955078125e+02	1.288622436523437500e+02
222.117367	1.858028106689453125e+02	1.010288619995117188e+02
203.2878462	1.453450775146484375e+02	2.094315643310546875e+02
248.0427457	1.968349609375000000e+02	1.936013336181640625e+02
216.4889726	1.664476013183593750e+02	2.071257781982421875e+02
236.0230379	1.853681945800781250e+02	1.847958068847656250e+02
234.0565348	1.681889495849609375e+02	8.082204437255859375e+01
226.157921	2.129328918457031250e+02	5.457465744018554688e+01
205.5055539	7.357250213623046875e+01	2.316283264160156250e+02
220.7242789	1.509039001464843750e+02	9.357193756103515625e+01
215.8249313	1.868410644531250000e+02	8.992926788330078125e+01
228.2274976	2.448467559814453125e+02	1.457973022460937500e+02
239.4657053	1.879014434814453125e+02	2.152547607421875000e+02
228.7530775	8.822440338134765625e+01	2.232083740234375000e+02
207.7927334	1.720905303955078125e+02	7.817870330810546875e+01
206.564111	8.877122497558593750e+01	2.311865539550781250e+02
209.9707753	1.733947448730468750e+02	2.274018554687500000e+02
228.7520278	9.910420227050781250e+01	1.093959121704101562e+02
242.1448081	1.605341186523437500e+02	1.574511566162109375e+02
232.6954358	2.054393005371093750e+02	1.948540954589843750e+02
242.3317849	2.165357666015625000e+02	8.696022796630859375e+01
222.1857929	1.487336273193359375e+02	1.393694763183593750e+02
216.9552761	1.649433135986328125e+02	1.140135345458984375e+02
236.2920574	1.886296234130859375e+02	1.436722869873046875e+02
227.8012021	2.374951171875000000e+02	2.493227081298828125e+02
249.0419367	1.958128356933593750e+02	1.262395629882812500e+02
214.0136527	2.343758087158203125e+02	1.769747619628906250e+02
202.3187896	1.860453338623046875e+02	2.180366210937500000e+02
249.3790591	2.137476043701171875e+02	1.924133911132812500e+02
221.8149588	1.671789855957031250e+02	2.111003875732421875e+02
203.168002	2.512945251464843750e+02	1.401900177001953125e+02
206.8054511	2.047596130371093750e+02	1.766785888671875000e+02
245.4596422	2.426349792480468750e+02	1.898230438232421875e+02
233.5077045	1.511974182128906250e+02	1.715450134277343750e+02
228.2456324	1.825126190185546875e+02	1.300588684082031250e+02
209.910075	1.867669982910156250e+02	1.764384613037109375e+02
237.7477843	1.454684143066406250e+02	9.140921783447265625e+01
234.4542207	1.748375549316406250e+02	1.123340454101562500e+02
243.5435203	1.809690704345703125e+02	1.614551086425781250e+02
212.2308709	1.656906280517578125e+02	1.885190734863281250e+02
210.9569093	1.854339294433593750e+02	1.871967163085937500e+02
244.345323	1.772190704345703125e+02	2.384291076660156250e+02
235.2158004	2.001834259033203125e+02	1.112364654541015625e+02
205.8837595	2.278347167968750000e+02	8.511514282226562500e+01
230.7898813	2.349684600830078125e+02	2.417231140136718750e+02
221.4410115	6.479682922363281250e+01	2.212330780029296875e+02
242.5428412	2.143920898437500000e+02	1.819616546630859375e+02
209.2961138	1.831733093261718750e+02	8.712634277343750000e+01
208.7830623	2.347610778808593750e+02	2.078655548095703125e+02
228.5177108	2.269130859375000000e+02	2.030653839111328125e+02
217.3936314	-1.015258803963661194e-01	1.547621002197265625e+02
219.5419614	1.869712677001953125e+02	1.923689575195312500e+02
216.5004938	1.877877960205078125e+02	2.139041290283203125e+02
230.4222715	2.279794921875000000e+02	2.346827392578125000e+02
239.0806972	1.645461578369140625e+02	2.001591491699218750e+02
203.3218443	1.928838348388671875e+02	1.816896057128906250e+02
248.8710208	2.253880157470703125e+02	1.525864562988281250e+02
215.7078234	1.926156005859375000e+02	2.504001464843750000e+02
206.387284	2.030448303222656250e+02	1.189098358154296875e+02
201.8164726	2.121476287841796875e+02	1.860960083007812500e+02
208.6086368	1.132144165039062500e+02	1.860621643066406250e+02
227.2761711	1.736397399902343750e+02	2.315066833496093750e+02
235.8310555	1.789612579345703125e+02	2.128869171142578125e+02
234.4384756	2.125427551269531250e+02	1.668221130371093750e+02
248.6143824	1.687181701660156250e+02	2.207124023437500000e+02
221.3961689	1.666474151611328125e+02	2.436857604980468750e+02
213.8736565	3.973838424682617188e+01	2.474556579589843750e+02
216.5351908	2.105402832031250000e+02	2.274308776855468750e+02
205.907549	2.056761169433593750e+02	1.959595031738281250e+02
210.773111	2.057729949951171875e+02	2.457448730468750000e+02
203.3993104	1.698662872314453125e+02	2.315705566406250000e+02
221.894468	1.937627868652343750e+02	1.009788665771484375e+02
227.5819964	2.374927673339843750e+02	1.991679992675781250e+02
239.8588819	2.154476623535156250e+02	2.402038116455078125e+02
236.8682731	2.068910675048828125e+02	2.081280517578125000e+02
219.9059553	2.191213378906250000e+02	2.056962127685546875e+02
231.1750234	2.381861114501953125e+02	2.476525573730468750e+02
244.411289	2.360391387939453125e+02	1.587963409423828125e+02
229.7188178	2.162105407714843750e+02	1.443067779541015625e+02
204.9958638	1.861873474121093750e+02	2.029571838378906250e+02
224.4273224	2.063690185546875000e+02	8.910301208496093750e+01
225.7869105	1.873538513183593750e+02	1.117763519287109375e+02
240.6841476	1.884652404785156250e+02	1.877519531250000000e+02
229.2545593	1.669760742187500000e+02	1.920495758056640625e+02
247.6701468	1.284507141113281250e+02	1.866670684814453125e+02
211.2211486	1.947010192871093750e+02	1.379422302246093750e+02
233.4171589	2.198528594970703125e+02	2.246585693359375000e+02
222.8515077	2.204504852294921875e+02	4.652698516845703125e+01
241.1368346	2.249677734375000000e+02	1.705422210693359375e+02
200.9316139	1.849191894531250000e+02	9.792840576171875000e+01
201.0389479	1.717519683837890625e+02	1.350112762451171875e+02
204.1768044	1.911437835693359375e+02	1.178538970947265625e+02
224.1809625	1.327027740478515625e+02	1.391191711425781250e+02
219.0151747	1.822638397216796875e+02	2.234515838623046875e+02
210.7920957	1.891885528564453125e+02	1.852343139648437500e+02
214.3072316	1.857110290527343750e+02	1.618068695068359375e+02
218.9583208	1.168940811157226562e+02	1.419726257324218750e+02
228.4626294	1.391918334960937500e+02	2.231376953125000000e+02
239.9642616	1.165381240844726562e+02	1.953507537841796875e+02
234.4024429	1.542041625976562500e+02	5.110969924926757812e+01
224.9613994	1.436905822753906250e+02	2.003691406250000000e+02
240.9085286	1.310498352050781250e+02	1.978874053955078125e+02
234.9681494	7.962416076660156250e+01	1.884145507812500000e+02
247.6239563	1.821540374755859375e+02	9.807270812988281250e+01
205.834882	1.665082855224609375e+02	1.734999389648437500e+02
208.3173359	2.030010070800781250e+02	2.285780334472656250e+02
231.8867621	1.986643981933593750e+02	2.319486846923828125e+02
231.9713869	1.354638977050781250e+02	2.284121551513671875e+02
235.6656954	2.211152648925781250e+02	2.381958007812500000e+02
221.72015	7.413754463195800781e+00	1.407813873291015625e+02
236.067172	1.809035339355468750e+02	1.776003875732421875e+02
234.4125624	-3.350213527679443359e+00	1.986248016357421875e+02
218.7664433	1.988047180175781250e+02	2.117482910156250000e+02
206.9506461	2.072198944091796875e+02	1.925050354003906250e+02
224.1653247	2.109728240966796875e+02	2.679141235351562500e+02
224.3292443	2.166433563232421875e+02	2.276739501953125000e+02
219.9881343	2.124578399658203125e+02	2.394240417480468750e+02
234.5250095	1.732773742675781250e+02	2.567642211914062500e+02
200.5420926	8.459274291992187500e+01	2.098932800292968750e+02
237.868671	2.206735839843750000e+02	2.235757751464843750e+02
216.8509592	2.267666320800781250e+02	1.672107849121093750e+02
207.3651142	2.185643768310546875e+02	2.078776855468750000e+02
226.937679	1.808367919921875000e+02	2.130204315185546875e+02
206.206528	6.726785278320312500e+01	2.003780670166015625e+02
201.2488675	2.132024688720703125e+02	2.281568908691406250e+02
208.8379352	1.835560913085937500e+02	1.976549987792968750e+02
205.7154768	2.484062500000000000e+02	1.955994720458984375e+02
237.0327073	2.196603546142578125e+02	2.087045898437500000e+02
226.3445716	1.937677001953125000e+02	2.381663360595703125e+02
239.1709507	2.187461853027343750e+02	2.172931213378906250e+02
233.3156942	2.166969909667968750e+02	1.713264007568359375e+02
239.6057736	1.827435607910156250e+02	2.610399780273437500e+02
244.7799343	1.755191345214843750e+02	2.344440917968750000e+02
221.3197908	2.080457305908203125e+02	1.257938995361328125e+02
215.702607	2.347696533203125000e+02	2.024264984130859375e+02
205.9251128	2.137055358886718750e+02	1.964383850097656250e+02
242.5680956	1.974720153808593750e+02	2.435413055419921875e+02
210.9838184	2.184066162109375000e+02	2.341504821777343750e+02
210.5609297	1.447228698730468750e+02	1.926858673095703125e+02
223.1852294	1.012284393310546875e+02	1.692655487060546875e+02
245.1307017	2.042198333740234375e+02	2.159969482421875000e+02
248.6671664	2.085321502685546875e+02	1.541410827636718750e+02
239.4245034	1.594375305175781250e+02	2.434834747314453125e+02
211.0268525	2.030353546142578125e+02	2.129268493652343750e+02
202.953761	2.333423614501953125e+02	2.042458038330078125e+02
227.2146376	2.096029357910156250e+02	1.822421875000000000e+02
213.0031199	2.326696472167968750e+02	1.094598159790039062e+02
248.4271206	1.483168029785156250e+02	1.728217315673828125e+02
245.6672033	2.157112731933593750e+02	2.339695281982421875e+02
232.3450387	2.289196777343750000e+02	2.302653350830078125e+02
200.9565922	2.140112609863281250e+02	2.047459259033203125e+02
235.6499004	2.218011169433593750e+02	2.269640197753906250e+02
245.9271128	2.468753356933593750e+02	1.920218200683593750e+02
241.9930381	1.570534210205078125e+02	2.190653839111328125e+02
213.9516461	2.074056091308593750e+02	2.334978332519531250e+02
242.5774818	2.376942443847656250e+02	1.241171455383300781e+01
217.9972867	2.201066131591796875e+02	1.822606201171875000e+02
222.9874689	1.980888214111328125e+02	2.310377197265625000e+02
216.7461601	1.809279479980468750e+02	2.297582244873046875e+02
210.7447143	2.023268585205078125e+02	2.233790283203125000e+02
212.350578	2.002127380371093750e+02	2.522864074707031250e+02
206.0872482	2.011907196044921875e+02	2.269064178466796875e+02
222.3386845	2.040561676025390625e+02	1.777148590087890625e+02
216.023882	1.783712158203125000e+02	2.317905731201171875e+02
236.3884536	1.866755065917968750e+02	2.348487243652343750e+02
201.2074117	2.285584411621093750e+02	1.968010711669921875e+02
204.128121	8.091822814941406250e+01	2.321326446533203125e+02
215.2954534	1.871399536132812500e+02	2.028691101074218750e+02
230.8077403	2.195622100830078125e+02	2.146336975097656250e+02
206.150294	2.067791290283203125e+02	1.985906372070312500e+02
228.8920778	2.151605682373046875e+02	1.477803802490234375e+02
219.3387942	2.143005065917968750e+02	2.287062683105468750e+02
233.7386749	1.076497955322265625e+02	2.332378845214843750e+02
244.5612436	2.097427978515625000e+02	2.349149169921875000e+02
234.566425	1.596799926757812500e+02	8.762866210937500000e+01
237.2251003	1.599577178955078125e+02	2.598258361816406250e+02
240.4600806	2.190959930419921875e+02	1.993476867675781250e+02
249.0712724	2.434777526855468750e+02	2.530321044921875000e+02
240.8983921	2.003704528808593750e+02	2.342311706542968750e+02
226.0491575	2.092102966308593750e+02	2.059291534423828125e+02
205.6664222	1.155575180053710938e+02	2.471358947753906250e+02
216.0525599	1.505928649902343750e+02	2.519408416748046875e+02
243.1430227	1.613254394531250000e+02	2.621335449218750000e+02
227.3101523	1.560874023437500000e+02	2.610028686523437500e+02
206.5448379	2.052962341308593750e+02	2.572089233398437500e+02
233.6081949	1.880345153808593750e+02	2.172729949951171875e+02
202.1459573	2.242364196777343750e+02	2.031195831298828125e+02
221.3417364	2.210741882324218750e+02	2.540323181152343750e+02
229.7390938	2.335688934326171875e+02	2.538375701904296875e+02
215.4219483	2.327568817138671875e+02	1.392225341796875000e+02
242.5695935	2.063399963378906250e+02	1.972057189941406250e+02
220.4964742	2.003056335449218750e+02	2.235256347656250000e+02
209.3196916	2.054589538574218750e+02	2.349770965576171875e+02
226.0877381	1.395072021484375000e+02	2.574624023437500000e+02
226.0852375	1.675136260986328125e+02	2.456544494628906250e+02
228.8482438	1.817909851074218750e+02	2.430169982910156250e+02
242.6443072	2.322485809326171875e+02	2.143208923339843750e+02
248.7679579	2.139376220703125000e+02	1.805415344238281250e+02
214.6383565	2.311674041748046875e+02	2.269584655761718750e+02
209.8570104	2.525947265625000000e+02	1.885343475341796875e+02
247.3934056	2.000284881591796875e+02	2.233994445800781250e+02
243.5070536	2.003506164550781250e+02	2.494608612060546875e+02
223.3964692	2.048019714355468750e+02	2.446018981933593750e+02
206.0346544	2.468762969970703125e+02	2.137773437500000000e+02
248.4130553	1.831657409667968750e+02	2.404070281982421875e+02
232.3878386	2.236480712890625000e+02	2.471333923339843750e+02
221.699133	2.050432128906250000e+02	2.413882293701171875e+02
248.6390486	2.029041442871093750e+02	2.363597412109375000e+02
224.958891	2.160778503417968750e+02	2.376432800292968750e+02
228.0025894	1.962781066894531250e+02	2.597651367187500000e+02
245.7899626	2.184969940185546875e+02	2.579499511718750000e+02
230.9557962	2.099287567138671875e+02	2.239115295410156250e+02
244.9708429	2.128973388671875000e+02	2.533387756347656250e+02
230.285308	2.366201629638671875e+02	2.223238983154296875e+02
212.4591031	2.398292694091796875e+02	2.411084899902343750e+02
219.7215007	2.197765655517578125e+02	2.293801727294921875e+02
210.2935061	2.202057647705078125e+02	2.450945129394531250e+02
212.6402664	2.377032775878906250e+02	2.429550781250000000e+02
227.6657398	1.691072692871093750e+02	2.417097473144531250e+02
227.8376109	2.361831054687500000e+02	2.040749053955078125e+02
242.9140928	2.264405975341796875e+02	2.470112304687500000e+02
219.5338132	1.804000396728515625e+02	1.954313659667968750e+02
209.7110328	2.160697326660156250e+02	2.182813720703125000e+02
232.7253315	2.154196777343750000e+02	2.495376281738281250e+02
215.9964217	1.887966613769531250e+02	2.514231719970703125e+02
211.3720588	2.335979766845703125e+02	2.094283905029296875e+02
214.6019832	2.278545684814453125e+02	2.619616699218750000e+02
244.3470284	1.925336151123046875e+02	2.144297790527343750e+02
234.3411932	1.916286315917968750e+02	2.192567443847656250e+02
226.7552747	2.046242523193359375e+02	2.462356872558593750e+02
214.7618926	2.200156250000000000e+02	1.913080444335937500e+02
221.393184	2.380905303955078125e+02	2.157213439941406250e+02
248.2432306	2.199253692626953125e+02	2.580968933105468750e+02
206.9199757	2.202572937011718750e+02	2.170041961669921875e+02
221.3256161	2.405466613769531250e+02	2.587239074707031250e+02
215.4598172	1.628138885498046875e+02	2.271078186035156250e+02
206.8291244	2.190133972167968750e+02	2.607002258300781250e+02
238.6096177	2.291933898925781250e+02	2.575415649414062500e+02
224.1801041	2.028944396972656250e+02	2.347223815917968750e+02
224.7556577	2.242786102294921875e+02	2.384469299316406250e+02
228.6584981	2.136568908691406250e+02	2.576145324707031250e+02
239.2687578	2.298517761230468750e+02	1.877004089355468750e+02
237.7090336	1.891506347656250000e+02	2.233024902343750000e+02
248.52542	1.808721008300781250e+02	2.541908416748046875e+02
202.6054622	2.147446746826171875e+02	2.526743927001953125e+02
207.9348178	2.065025177001953125e+02	2.378499298095703125e+02
239.4091364	1.947426605224609375e+02	2.491020507812500000e+02
213.9635354	1.907225341796875000e+02	2.480264129638671875e+02
227.2391809	1.977123107910156250e+02	2.344680480957031250e+02
207.1954726	1.901166229248046875e+02	1.821595153808593750e+02
236.1435302	2.123907928466796875e+02	2.378827667236328125e+02
203.299948	2.202981262207031250e+02	2.291370391845703125e+02
221.4638799	2.208872833251953125e+02	2.318578186035156250e+02
211.0016866	1.709743041992187500e+02	2.354384307861328125e+02
221.027735	2.224309539794921875e+02	2.504453887939453125e+02
228.6217504	2.093419952392578125e+02	2.303934631347656250e+02
238.109913	2.200465545654296875e+02	2.565594787597656250e+02
226.5740779	2.195755310058593750e+02	2.084913787841796875e+02
204.1592536	2.263876953125000000e+02	2.568202514648437500e+02
216.1520627	1.911702423095703125e+02	2.292005615234375000e+02
211.8162727	2.233795166015625000e+02	2.438313751220703125e+02
246.9556327	2.237655029296875000e+02	2.491506805419921875e+02
201.7924388	2.285838165283203125e+02	2.390825958251953125e+02
214.3299993	2.146254425048828125e+02	2.503717803955078125e+02
222.0853429	2.155886993408203125e+02	2.117802276611328125e+02
213.558673	1.838698730468750000e+02	2.030381317138671875e+02
203.6494235	2.380799560546875000e+02	2.324007873535156250e+02
222.25642	1.400457458496093750e+02	2.405009307861328125e+02
214.0825621	2.207283630371093750e+02	2.368314208984375000e+02
227.139184	1.821135864257812500e+02	2.212218322753906250e+02
222.7854265	2.382124023437500000e+02	2.310041961669921875e+02
212.9140604	2.346598358154296875e+02	2.357947692871093750e+02
225.4015775	2.131045837402343750e+02	2.582064208984375000e+02
209.6868134	2.304141540527343750e+02	2.508429412841796875e+02
227.1570565	2.198506774902343750e+02	2.314760742187500000e+02
224.8141007	2.334149169921875000e+02	2.491361999511718750e+02
249.3105265	2.136097717285156250e+02	2.498398895263671875e+02
216.2373178	2.278002471923828125e+02	2.419046173095703125e+02
247.6382545	2.238019561767578125e+02	2.294956512451171875e+02
243.9517447	2.175341796875000000e+02	2.820928649902343750e+02
227.2162207	1.418932800292968750e+02	2.337217559814453125e+02
217.8672267	1.408600311279296875e+02	2.406090393066406250e+02
247.456425	2.197436065673828125e+02	2.245763397216796875e+02
210.3570051	1.563594665527343750e+02	2.205278320312500000e+02
224.6302853	2.387140655517578125e+02	2.575323181152343750e+02
232.4891176	2.405718688964843750e+02	2.587366943359375000e+02
