-3.770390319824218750e+02	-3.875094604492187500e+02	-1.482363128662109375e+02
-7.802252197265625000e+02	-5.731431884765625000e+02	-8.199122924804687500e+02
-1.146360961914062500e+03	-3.164112854003906250e+02	-2.441433105468750000e+02
-2.226569519042968750e+02	-2.564960632324218750e+02	-9.797420501708984375e+01
-1.171625595092773438e+02	-3.606053161621093750e+02	-3.108647766113281250e+02
-3.089891967773437500e+02	-1.540127868652343750e+02	-2.451688995361328125e+02
-2.947703552246093750e+02	-7.058655395507812500e+02	-2.344407501220703125e+02
-2.654180908203125000e+02	1.000584220886230469e+01	-7.687951660156250000e+02
-7.935008544921875000e+02	-2.587550354003906250e+02	-2.538767547607421875e+02
-1.846219635009765625e+02	-2.039280242919921875e+02	-1.921156921386718750e+02
-2.829696655273437500e+02	-2.581704711914062500e+02	-3.172898864746093750e+02
-4.071505737304687500e+02	-4.619177246093750000e+02	-2.480722351074218750e+02
-4.715411987304687500e+02	-1.438256378173828125e+02	-4.533368225097656250e+02
-3.739458007812500000e+02	-6.994996948242187500e+02	-3.928236694335937500e+02
-2.447038116455078125e+02	-2.729985961914062500e+02	-3.881887817382812500e+02
-3.960993041992187500e+02	-2.496598815917968750e+02	-7.929754028320312500e+02
-3.719458923339843750e+02	-3.635213317871093750e+02	-5.299503784179687500e+02
-3.592002868652343750e+02	-5.749613037109375000e+02	-2.150307312011718750e+02
-3.422996826171875000e+02	-4.215200805664062500e+02	-3.266335144042968750e+02
-3.751473693847656250e+02	-4.219304809570312500e+02	-3.685628967285156250e+02
-5.072255859375000000e+02	-5.019230957031250000e+02	-4.126549377441406250e+02
-5.984293823242187500e+02	-3.591411132812500000e+02	-1.649799041748046875e+02
-5.968451538085937500e+02	-5.946389160156250000e+02	-3.266418457031250000e+02
-4.856776428222656250e+02	-3.673770141601562500e+02	-2.873894653320312500e+02
-5.176678466796875000e+02	-2.775612182617187500e+02	-2.473371887207031250e+02
-3.156361083984375000e+02	-3.418761596679687500e+02	-2.785903930664062500e+02
-3.414210815429687500e+02	-2.146260070800781250e+02	-2.358591308593750000e+02
-2.291040344238281250e+02	-3.031567382812500000e+02	-3.733716125488281250e+02
-2.576830749511718750e+02	-3.890760192871093750e+02	-3.092005004882812500e+02
-3.614241333007812500e+02	-3.331249084472656250e+02	-2.388865203857421875e+02
-3.338426208496093750e+02	-2.322221374511718750e+02	-2.371464385986328125e+02
-3.017509155273437500e+02	-2.283977050781250000e+02	-2.273900146484375000e+02
-2.365177917480468750e+02	-1.844874572753906250e+02	-2.210804443359375000e+02
-5.571632080078125000e+02	-2.052908020019531250e+02	-1.803647613525390625e+02
-2.564769592285156250e+02	-2.424014892578125000e+02	-1.884071350097656250e+02
-2.388677978515625000e+02	-2.641943969726562500e+02	-2.456282653808593750e+02
-2.789162902832031250e+02	-2.102616424560546875e+02	-1.769316406250000000e+02
-2.026000671386718750e+02	-2.190278320312500000e+02	-2.303434600830078125e+02
-2.926116943359375000e+02	-2.426317596435546875e+02	-1.533176116943359375e+02
-3.378988952636718750e+02	-3.235560607910156250e+02	-1.856929931640625000e+02
-2.191284179687500000e+02	-2.484332275390625000e+02	-1.715540161132812500e+02
-2.764945983886718750e+02	-1.599205322265625000e+02	-1.763176574707031250e+02
-2.455918731689453125e+02	-1.646154479980468750e+02	-1.472153930664062500e+02
-1.579009704589843750e+02	-1.659581146240234375e+02	-2.202324981689453125e+02
-2.351709442138671875e+02	-1.414010925292968750e+02	-1.790115509033203125e+02
-2.958651733398437500e+02	-1.862545928955078125e+02	-1.744579925537109375e+02
-2.785922241210937500e+02	-2.619061584472656250e+02	-1.818847351074218750e+02
-2.313132324218750000e+02	-1.773387145996093750e+02	-2.117711639404296875e+02
-1.293445129394531250e+02	-2.185518341064453125e+02	-1.884201812744140625e+02
-2.836298217773437500e+02	-1.622330627441406250e+02	-2.177071228027343750e+02
-2.278277893066406250e+02	-1.386860961914062500e+02	-1.606416931152343750e+02
-2.483070831298828125e+02	-2.035278778076171875e+02	-1.580602264404296875e+02
-1.822077331542968750e+02	-1.524115295410156250e+02	-1.894160919189453125e+02
-1.992306671142578125e+02	-1.282040405273437500e+02	-1.357565460205078125e+02
-2.353686218261718750e+02	-1.876161804199218750e+02	-1.624297485351562500e+02
-2.299448547363281250e+02	-1.011080780029296875e+02	-1.720962371826171875e+02
-1.230117950439453125e+02	-1.380518951416015625e+02	-1.517169647216796875e+02
-1.920475616455078125e+02	-1.095167465209960938e+02	-1.769967041015625000e+02
-1.151016464233398438e+02	-9.199555969238281250e+01	-1.062097930908203125e+02
-1.060611801147460938e+02	-9.035612487792968750e+01	-9.049989318847656250e+01
-2.334517364501953125e+02	-1.080372314453125000e+02	-1.683749542236328125e+02
-1.835204010009765625e+02	-1.038917007446289062e+02	-5.385329437255859375e+01
-2.381161804199218750e+02	-1.078864746093750000e+02	-6.641047668457031250e+01
-1.833635864257812500e+02	-8.518201446533203125e+01	-5.845027923583984375e+01
-1.485192108154296875e+02	-9.777153778076171875e+01	-1.426768493652343750e+02
-1.884981384277343750e+02	-1.148843231201171875e+02	-1.357673950195312500e+02
-2.010569763183593750e+02	-1.849300079345703125e+02	-7.997444152832031250e+01
-1.920556793212890625e+02	-1.566678771972656250e+02	-9.683955383300781250e+01
-1.356808319091796875e+02	-1.961539001464843750e+02	-1.389489440917968750e+02
-1.732117614746093750e+02	-7.475066375732421875e+01	-1.950386047363281250e+02
-2.016537475585937500e+02	-5.677402877807617188e+01	-5.459553146362304688e+01
-2.096139373779296875e+02	-6.280670928955078125e+01	-1.315728912353515625e+02
-2.154008026123046875e+02	-6.353066253662109375e+01	-2.424440612792968750e+02
-2.216691894531250000e+02	-7.112229156494140625e+01	-1.050295181274414062e+02
-2.228607635498046875e+02	-9.130681610107421875e+01	-9.995600891113281250e+01
-2.249679412841796875e+02	-4.771244812011718750e+01	-2.434849853515625000e+02
-2.429557647705078125e+02	-2.492354011535644531e+01	-9.474319458007812500e+01
-1.965182342529296875e+02	-7.111637878417968750e+01	-8.260168457031250000e+01
-2.843811035156250000e+02	-4.349066162109375000e+01	-1.415353546142578125e+02
-2.449843444824218750e+02	-5.421904373168945312e+01	-8.254030609130859375e+01
-1.365595703125000000e+02	-2.462375259399414062e+01	-1.313407287597656250e+02
-1.212228012084960938e+02	-4.546474456787109375e+01	-9.255831909179687500e+01
-3.372813415527343750e+02	-2.448939132690429688e+01	-1.171599731445312500e+02
-1.892158966064453125e+02	-3.363394975662231445e+00	-6.330722045898437500e+01
-1.684419860839843750e+02	-2.969467735290527344e+01	-1.548735504150390625e+02
-1.755293273925781250e+02	-6.806144714355468750e+01	-8.042772674560546875e+01
-2.328630828857421875e+02	-8.498282623291015625e+01	-1.628416900634765625e+02
-2.011576385498046875e+02	-5.964987945556640625e+01	-1.207196502685546875e+02
-2.454864959716796875e+02	-1.235619888305664062e+02	-9.081581878662109375e+01
-2.432075500488281250e+02	-3.508036422729492188e+01	-1.893582611083984375e+02
-3.723779296875000000e+02	-5.085794830322265625e+01	-1.273481674194335938e+02
-2.596416625976562500e+02	-4.785137176513671875e+01	-1.317873992919921875e+02
-1.993498229980468750e+02	-5.888477325439453125e+01	-8.327574920654296875e+01
-2.455601806640625000e+02	-1.366534423828125000e+02	-1.720240783691406250e+02
-1.989328918457031250e+02	-1.066066055297851562e+02	-8.700746154785156250e+01
-1.322191772460937500e+02	-1.191895523071289062e+02	-1.111201629638671875e+02
-1.326254119873046875e+02	-6.721467590332031250e+01	-8.166276550292968750e+01
-2.018937988281250000e+02	-1.713146057128906250e+02	-1.033913574218750000e+02
-2.273728485107421875e+02	-8.155720520019531250e+01	-3.899595260620117188e+01
-1.111733856201171875e+02	-1.599698791503906250e+02	-1.170023422241210938e+02
-2.376402587890625000e+02	-1.447503662109375000e+02	-1.050146942138671875e+02
-1.367401580810546875e+02	-7.377339172363281250e+01	-5.836506271362304688e+01
-4.008519287109375000e+02	-7.620352935791015625e+01	-6.563523864746093750e+01
-3.364269409179687500e+02	-8.232746887207031250e+01	-1.148935089111328125e+02
-1.290447387695312500e+02	-6.308138275146484375e+01	-8.634645080566406250e+01
-1.447198638916015625e+02	-8.737422943115234375e+01	-7.174334716796875000e+01
-3.049902954101562500e+02	-1.279757232666015625e+02	-9.927302551269531250e+01
-1.839547882080078125e+02	-1.031819305419921875e+02	-4.792365646362304688e+01
-1.602060241699218750e+02	-8.976957702636718750e+01	-1.133457794189453125e+02
-1.621135711669921875e+02	-5.713945770263671875e+01	-7.076572418212890625e+01
-2.062760314941406250e+02	-1.163594512939453125e+02	-9.014831542968750000e+01
-1.192716445922851562e+02	-1.326857604980468750e+02	-1.011587371826171875e+02
-2.102669982910156250e+02	-1.125087127685546875e+02	-8.253739929199218750e+01
-1.471989440917968750e+02	-6.000901031494140625e+01	-7.813827514648437500e+01
-1.996219177246093750e+02	-1.122828216552734375e+02	-1.060598983764648438e+02
-1.475943145751953125e+02	-8.547352600097656250e+01	-9.666654205322265625e+01
-1.960666809082031250e+02	-1.150870513916015625e+02	-6.149378585815429688e+01
-1.540267333984375000e+02	-8.948439025878906250e+01	-9.261166381835937500e+01
-1.558148803710937500e+02	-7.741584014892578125e+01	-5.655556488037109375e+01
-1.171849594116210938e+02	-1.119363784790039062e+02	-1.179117202758789062e+02
-1.609759216308593750e+02	-1.257201690673828125e+02	-7.852816772460937500e+01
-2.280395812988281250e+02	-1.397054748535156250e+02	-9.797665405273437500e+01
-1.199958953857421875e+02	-1.044759674072265625e+02	-9.624794006347656250e+01
-2.084502410888671875e+02	-5.293830490112304688e+01	-9.101513671875000000e+01
-2.273506774902343750e+02	-8.051496887207031250e+01	-1.213972625732421875e+02
-1.263843841552734375e+02	-1.250048675537109375e+02	-7.634831237792968750e+01
-2.022151184082031250e+02	-1.107416763305664062e+02	-1.063219375610351562e+02
-1.691957550048828125e+02	-7.244660949707031250e+01	-1.198876800537109375e+02
-1.665471801757812500e+02	-8.565231323242187500e+01	-5.072789764404296875e+01
-1.296465301513671875e+02	-1.261631317138671875e+02	-1.260670928955078125e+02
-2.286403503417968750e+02	-1.087201080322265625e+02	-5.430220413208007812e+01
-1.143355484008789062e+02	-5.898469161987304688e+01	-1.060764389038085938e+02
-2.003450622558593750e+02	-7.118120574951171875e+01	-5.017180633544921875e+01
-2.689017333984375000e+02	-8.847158050537109375e+01	-7.877547454833984375e+01
-1.082027435302734375e+02	-1.145786590576171875e+02	-6.722342681884765625e+01
-1.421498718261718750e+02	-8.065779113769531250e+01	-6.636953735351562500e+01
-2.488975067138671875e+02	-1.252694091796875000e+02	-9.729824066162109375e+01
-1.149844207763671875e+02	-7.676597595214843750e+01	-4.259089660644531250e+01
-1.930051727294921875e+02	-3.588556671142578125e+01	-5.715901565551757812e+01
-1.906915588378906250e+02	-7.857816314697265625e+01	-9.321009826660156250e+01
-1.835501556396484375e+02	-1.075828018188476562e+02	-8.303018951416015625e+01
-1.886659851074218750e+02	-1.203499984741210938e+02	-4.389202499389648438e+01
-1.503302307128906250e+02	-9.092026519775390625e+01	-8.366078186035156250e+01
-1.618468933105468750e+02	-5.785457229614257812e+01	-9.119728088378906250e+01
-1.717229309082031250e+02	-6.744066619873046875e+01	-8.265632629394531250e+01
-1.733156433105468750e+02	-8.632786560058593750e+01	-8.685128784179687500e+01
-1.371136016845703125e+02	-8.150123596191406250e+01	-8.258406829833984375e+01
-1.329373016357421875e+02	-5.971062088012695312e+01	-9.414611816406250000e+01
-1.589062194824218750e+02	-9.729286193847656250e+01	-5.827905273437500000e+01
-1.626128540039062500e+02	-7.197247314453125000e+01	-7.078144836425781250e+01
-1.780785827636718750e+02	-4.242027282714843750e+01	-8.339003753662109375e+01
-2.175516052246093750e+02	-8.309691619873046875e+01	-5.615273284912109375e+01
-2.392041473388671875e+02	-1.024401245117187500e+02	-4.022982025146484375e+01
-1.117814178466796875e+02	-7.783605957031250000e+01	-6.518970489501953125e+01
-1.834574279785156250e+02	-9.043079376220703125e+01	-7.053926086425781250e+01
-2.208552246093750000e+02	-6.077091598510742188e+01	-6.093962478637695312e+01
-1.669512176513671875e+02	-1.213919830322265625e+02	-7.040616607666015625e+01
-1.999934387207031250e+02	-1.005799713134765625e+02	-7.323646545410156250e+01
-1.164659042358398438e+02	-7.773685455322265625e+01	-5.697484207153320312e+01
-1.290011901855468750e+02	-3.515906906127929688e+01	-4.491201019287109375e+01
-1.408064270019531250e+02	-6.532820892333984375e+01	-8.378599548339843750e+01
-1.452063751220703125e+02	-6.689099121093750000e+01	-1.377045726776123047e+01
-1.300633392333984375e+02	-8.873089599609375000e+01	-5.690461349487304688e+01
-1.607057952880859375e+02	-3.503302001953125000e+01	-1.865623283386230469e+01
-1.391868438720703125e+02	-4.065004348754882812e+01	-8.984558105468750000e+00
-1.340080871582031250e+02	-4.555544281005859375e+01	-4.845280838012695312e+01
-1.821764984130859375e+02	-5.880937576293945312e+01	-1.351070594787597656e+01
-1.142855377197265625e+02	-4.326512908935546875e+01	-1.329458141326904297e+01
-1.947652282714843750e+02	-4.076624679565429688e+01	-4.299177169799804688e+01
-2.104877471923828125e+02	-3.081425476074218750e+01	-5.197149658203125000e+01
-1.294978790283203125e+02	-3.288239288330078125e+01	-7.159353637695312500e+01
-9.055604553222656250e+01	-3.496121597290039062e+01	-1.864870071411132812e+01
-1.717873840332031250e+02	-4.388888168334960938e+01	-5.335580444335937500e+01
-1.388220214843750000e+02	-3.371930694580078125e+01	-6.270499420166015625e+01
-1.538978576660156250e+02	-2.069511985778808594e+01	-2.667655944824218750e-01
-1.225728149414062500e+02	-7.366030883789062500e+01	-5.605794525146484375e+01
-1.207437973022460938e+02	-9.706285858154296875e+01	-1.130672836303710938e+02
-1.704834442138671875e+02	-7.021568298339843750e+01	-2.687545204162597656e+01
-2.099437561035156250e+02	-4.006523895263671875e+01	-3.143236160278320312e+01
-1.159149169921875000e+02	-7.218183898925781250e+01	7.068004608154296875e+00
-1.668452606201171875e+02	-2.729629135131835938e+01	-3.427641677856445312e+01
-1.240656280517578125e+02	-1.246352081298828125e+02	-1.812360763549804688e+01
-1.507515106201171875e+02	-1.986903991699218750e+02	-6.934736633300781250e+01
-1.257032089233398438e+02	-2.802705993652343750e+02	-8.146334075927734375e+01
-2.016889343261718750e+02	3.900297927856445312e+01	-6.429400634765625000e+01
-1.764774780273437500e+02	-1.186296539306640625e+02	-6.502806091308593750e+01
-1.130133819580078125e+02	6.398650360107421875e+01	-4.222501754760742188e+01
-1.734871063232421875e+02	-2.372051620483398438e+01	-1.155223007202148438e+02
-1.116995620727539062e+02	-2.309911537170410156e+01	-6.658854675292968750e+01
-1.425772399902343750e+02	6.551992797851562500e+01	-3.604418563842773438e+01
-1.454668884277343750e+02	-4.025946807861328125e+01	-6.100255203247070312e+01
-1.385438537597656250e+02	-4.950287342071533203e+00	-8.762622833251953125e+01
-1.883121032714843750e+02	-1.024105358123779297e+01	-1.674040031433105469e+01
-1.685729980468750000e+02	-6.554216003417968750e+01	-4.324314498901367188e+01
-1.271105346679687500e+02	-7.757754516601562500e+01	-3.432500457763671875e+01
-2.012281799316406250e+02	-8.640904235839843750e+01	-3.906877899169921875e+01
-1.282415161132812500e+02	-1.448676452636718750e+02	-3.569481658935546875e+01
-1.283102416992187500e+02	-1.780750427246093750e+02	-9.424999237060546875e+01
-1.857275695800781250e+02	-1.663718719482421875e+02	-2.917086791992187500e+01
-2.013846435546875000e+02	-1.539504852294921875e+02	-6.895463562011718750e+01
-1.150042953491210938e+02	-9.393489837646484375e+01	-3.847407531738281250e+01
-1.819724426269531250e+02	-1.521187896728515625e+02	-6.958818054199218750e+01
-1.289376373291015625e+02	-2.207604522705078125e+02	-3.059835433959960938e+01
-1.181868743896484375e+02	-1.104521636962890625e+02	-8.775965881347656250e+01
-2.067681427001953125e+02	-9.955358123779296875e+01	-7.852392578125000000e+01
-2.620733337402343750e+02	-1.967359313964843750e+02	-2.600258255004882812e+01
-2.049066162109375000e+02	-1.327404022216796875e+02	-5.488708496093750000e+01
-1.580558776855468750e+02	-1.290098266601562500e+02	-2.982003211975097656e+01
-1.807895202636718750e+02	-2.036040496826171875e+02	-3.849201583862304688e+01
-1.401777954101562500e+02	-1.551516113281250000e+02	-4.786117553710937500e+01
-1.419568786621093750e+02	-1.483570098876953125e+02	-2.210746383666992188e+01
-1.656517944335937500e+02	-1.846208648681640625e+02	-3.506185150146484375e+01
-1.548745727539062500e+02	-1.668858032226562500e+02	-3.972335433959960938e+01
-1.732407073974609375e+02	-1.734885864257812500e+02	-5.678065872192382812e+01
-1.895065917968750000e+02	-1.722450256347656250e+02	-3.773136520385742188e+01
-1.331257781982421875e+02	-1.846582489013671875e+02	-2.770392417907714844e+01
-2.188048400878906250e+02	-1.832467346191406250e+02	-1.776981735229492188e+01
-2.036119995117187500e+02	-2.170774841308593750e+02	-8.246656799316406250e+01
-1.387705230712890625e+02	-1.881766052246093750e+02	-2.311309242248535156e+01
-1.980613555908203125e+02	-1.618891601562500000e+02	-5.770117950439453125e+01
-1.448277893066406250e+02	-2.019153747558593750e+02	-6.559580993652343750e+01
-1.680592193603515625e+02	-1.360649871826171875e+02	-2.298565292358398438e+01
-2.129041748046875000e+02	-1.273117446899414062e+02	-4.122356796264648438e+01
-1.620801086425781250e+02	-1.438225708007812500e+02	-4.410251998901367188e+01
-1.805015411376953125e+02	-1.390024261474609375e+02	-6.899678802490234375e+01
-1.721625518798828125e+02	-1.346484069824218750e+02	-4.243326950073242188e+01
-2.237842712402343750e+02	-1.623028411865234375e+02	-2.552452659606933594e+01
-1.776698913574218750e+02	-1.204848175048828125e+02	-3.355959701538085938e+01
-1.732297668457031250e+02	-6.150413894653320312e+01	-4.066811752319335938e+01
-1.172524566650390625e+02	-2.125193328857421875e+02	-2.012740707397460938e+01
-1.361703491210937500e+02	-1.520565948486328125e+02	-3.480967330932617188e+01
-1.368700714111328125e+02	-1.410071868896484375e+02	-2.580961227416992188e+01
-1.597703399658203125e+02	-1.446343841552734375e+02	-6.548188018798828125e+01
-1.567607269287109375e+02	-1.272700424194335938e+02	-1.275786399841308594e+01
-1.742778167724609375e+02	-1.482836761474609375e+02	-2.506609535217285156e+01
-1.351779632568359375e+02	-1.478238677978515625e+02	-2.005256271362304688e+01
-1.649579010009765625e+02	-1.543229980468750000e+02	-6.385529708862304688e+01
-1.147621002197265625e+02	-9.098170471191406250e+01	-1.683440780639648438e+01
-1.825226135253906250e+02	-4.843042755126953125e+01	-3.290659332275390625e+01
-1.279913177490234375e+02	-1.021199340820312500e+02	-3.212748718261718750e+01
-1.577579193115234375e+02	-5.557410430908203125e+01	-5.320275115966796875e+01
-1.413802795410156250e+02	-8.979734802246093750e+01	-3.983567047119140625e+01
-1.224951782226562500e+02	-1.599020080566406250e+02	-4.948303222656250000e+01
-1.273369979858398438e+02	-1.583827056884765625e+02	6.889262199401855469e+00
-1.956487274169921875e+02	-1.706300811767578125e+02	-2.666382789611816406e+01
-1.650158386230468750e+02	-1.818768310546875000e+02	-3.393001556396484375e+01
-8.565567779541015625e+01	-1.418539123535156250e+02	-1.306144905090332031e+01
-1.778800659179687500e+02	-1.441085968017578125e+02	-5.573674774169921875e+01
-9.457086944580078125e+01	-1.194724960327148438e+02	-1.582892656326293945e+00
-1.049605331420898438e+02	-1.371274871826171875e+02	-1.102514076232910156e+01
-1.439040069580078125e+02	-1.272357406616210938e+02	-4.678367996215820312e+01
-1.658796386718750000e+02	-1.345245208740234375e+02	-3.681275177001953125e+01
-1.932950134277343750e+02	-4.760681533813476562e+01	-2.395088386535644531e+01
-1.050092926025390625e+02	-6.513017272949218750e+01	-1.100757789611816406e+01
-1.965163269042968750e+02	-6.970207214355468750e+01	-6.058274745941162109e+00
-1.989197692871093750e+02	-9.838574218750000000e+01	4.794687747955322266e+00
-7.815209960937500000e+01	-7.864171600341796875e+01	6.447405815124511719e+00
-1.069680175781250000e+02	-1.971256103515625000e+02	-1.165329456329345703e+01
-2.050487976074218750e+02	-1.554303436279296875e+02	1.187850475311279297e+01
-7.897032165527343750e+01	-1.141775741577148438e+02	-1.748973846435546875e+01
-1.262706451416015625e+02	-2.064384307861328125e+02	-3.912825012207031250e+01
-1.230464019775390625e+02	-2.198034362792968750e+02	2.430364990234375000e+01
-1.156972503662109375e+02	-1.305508880615234375e+02	6.652652740478515625e+01
-1.032184448242187500e+02	-6.952644348144531250e+01	-2.745863437652587891e+00
-1.014958496093750000e+02	-2.165221862792968750e+02	3.324484634399414062e+01
-1.000762100219726562e+02	-1.044968643188476562e+02	-2.961408042907714844e+01
-1.697749023437500000e+02	-1.090926971435546875e+02	6.531749725341796875e+01
-9.086415100097656250e+01	-1.106412353515625000e+02	-5.963851928710937500e+01
-9.514674377441406250e+01	-1.306571960449218750e+02	-5.700007247924804688e+01
-1.159339752197265625e+02	-8.910307312011718750e+01	-1.710480308532714844e+01
-1.085518951416015625e+02	-1.633630981445312500e+02	-1.134420680999755859e+01
-8.174867248535156250e+01	-1.577805633544921875e+02	-5.109268188476562500e+01
-9.875914764404296875e+01	-5.519506835937500000e+01	-1.165118598937988281e+01
-1.057683868408203125e+02	-6.683795928955078125e+01	-5.654985809326171875e+01
-5.614262008666992188e+01	-1.247356796264648438e+02	-8.090647125244140625e+01
-3.606064224243164062e+01	-1.396416625976562500e+02	1.296339702606201172e+01
-1.106209487915039062e+02	-7.067228698730468750e+01	-2.045889472961425781e+01
-1.444792022705078125e+02	-1.002159423828125000e+02	-1.629839515686035156e+01
-3.886364364624023438e+01	-1.314532470703125000e+02	-2.423000907897949219e+01
-4.646007919311523438e+01	-1.173082733154296875e+02	-3.807821655273437500e+01
-1.654173278808593750e+02	-7.965445709228515625e+01	-7.014385223388671875e+01
-1.651614227294921875e+02	-1.379905700683593750e+02	5.133550262451171875e+01
-4.257007598876953125e+01	-1.702212371826171875e+02	-4.665597152709960938e+01
-5.205028533935546875e+01	-1.188419799804687500e+02	9.068227767944335938e+00
-9.414997863769531250e+01	-1.261326065063476562e+02	-6.602796936035156250e+01
-7.370304870605468750e+01	-1.519331665039062500e+02	-5.846057128906250000e+01
-5.010703277587890625e+01	-2.016529388427734375e+02	-1.639756393432617188e+01
-1.022913360595703125e+02	-1.142586669921875000e+02	-3.731212615966796875e+01
-1.512512359619140625e+02	-1.173261947631835938e+02	-1.551530742645263672e+01
-5.782020950317382812e+01	-1.567631835937500000e+02	7.982002258300781250e+01
-4.356089019775390625e+01	-1.660482482910156250e+02	-2.033239746093750000e+01
-1.077107772827148438e+02	-1.444305114746093750e+02	-1.384519219398498535e+00
-5.332902145385742188e+01	-1.330936126708984375e+02	-7.016403961181640625e+01
-6.825207519531250000e+01	-1.066806411743164062e+02	3.556402206420898438e+01
-4.589918136596679688e+01	-1.211108627319335938e+02	-2.005542564392089844e+01
-1.000888290405273438e+02	-1.507971038818359375e+02	3.691271591186523438e+01
-1.070496978759765625e+02	-1.069502410888671875e+02	-2.763190650939941406e+01
-4.482525634765625000e+01	-1.076772842407226562e+02	6.490799713134765625e+01
-4.463507843017578125e+01	-1.160944976806640625e+02	9.774178314208984375e+01
-1.128729095458984375e+02	-1.061172103881835938e+02	1.353601989746093750e+02
-1.157528228759765625e+02	-1.061957397460937500e+02	1.257727050781250000e+02
-7.399798583984375000e+01	-1.208957138061523438e+02	1.300023651123046875e+02
-5.535983276367187500e+01	-1.050230102539062500e+02	7.074716091156005859e+00
-7.884081268310546875e+01	-1.160526351928710938e+02	1.185737762451171875e+02
-1.309618835449218750e+02	-9.310505676269531250e+01	5.876653289794921875e+01
-8.592917633056640625e+01	-1.261277847290039062e+02	9.021378326416015625e+01
-8.841456604003906250e+01	-7.909193420410156250e+01	1.376144104003906250e+02
-8.905542755126953125e+01	-8.918465423583984375e+01	2.839932823181152344e+01
-5.648184204101562500e+01	-1.308134307861328125e+02	1.836749420166015625e+02
-7.857539367675781250e+01	-1.088211288452148438e+02	1.779397277832031250e+02
-8.358029174804687500e+01	-8.249072265625000000e+01	9.385465240478515625e+01
-7.800903320312500000e+01	-1.228893814086914062e+02	1.474224700927734375e+02
-9.672891235351562500e+01	-9.062950897216796875e+01	2.165845642089843750e+02
-9.745315551757812500e+01	-8.984169006347656250e+01	5.235951995849609375e+01
-8.399205017089843750e+01	-1.022865447998046875e+02	1.837349548339843750e+02
-9.818161773681640625e+01	-1.316762390136718750e+02	-1.086928482055664062e+02
-5.221604537963867188e+01	-1.454875793457031250e+02	1.447386932373046875e+02
-1.012792205810546875e+02	-7.297586822509765625e+01	1.401517028808593750e+02
-7.393252563476562500e+01	-9.502427673339843750e+01	7.009177398681640625e+01
-1.060152130126953125e+02	-1.158544158935546875e+02	3.090816879272460938e+01
-1.022132186889648438e+02	-8.077074432373046875e+01	8.589573669433593750e+01
-1.106688079833984375e+02	-8.444997406005859375e+01	7.726203155517578125e+01
-5.743880081176757812e+01	-6.347430419921875000e+01	3.356519699096679688e+01
-5.700390625000000000e+01	-7.871502685546875000e+01	7.866207885742187500e+01
-6.857735443115234375e+01	-9.639379882812500000e+01	2.543450355529785156e+01
-7.746598815917968750e+01	-6.643904113769531250e+01	3.213552856445312500e+01
-8.864503479003906250e+01	-1.005693206787109375e+02	1.623496055603027344e+01
-7.363563537597656250e+01	-6.037071609497070312e+01	-2.472386550903320312e+01
-5.690628814697265625e+01	-4.108036041259765625e+01	1.743777313232421875e+02
-7.534981536865234375e+01	-9.061186981201171875e+01	9.733222961425781250e+01
-1.187504882812500000e+02	-1.293510437011718750e+02	2.513768005371093750e+01
-9.118047332763671875e+01	-9.243626403808593750e+01	1.568000488281250000e+02
-9.986314392089843750e+01	-8.016545867919921875e+01	-5.820799350738525391e+00
-6.526527404785156250e+01	-8.093225097656250000e+01	6.995979309082031250e+01
-7.340247344970703125e+01	-8.505575561523437500e+01	-1.551830749511718750e+02
-1.028271636962890625e+02	-8.861745452880859375e+01	2.113314437866210938e+01
-1.481612091064453125e+02	-6.947824859619140625e+01	5.833449554443359375e+01
-1.118908691406250000e+02	-1.041921615600585938e+02	1.490163421630859375e+02
-9.823443603515625000e+01	-1.034638824462890625e+02	1.239282379150390625e+02
-7.568070220947265625e+01	-8.893724060058593750e+01	1.866296691894531250e+02
-1.132038116455078125e+02	-6.223942947387695312e+01	1.255360565185546875e+02
-6.407933044433593750e+01	-4.319523239135742188e+01	2.297843933105468750e+02
-5.235877227783203125e+01	-6.801346588134765625e+01	2.063009948730468750e+02
-2.843198013305664062e+01	-6.873519897460937500e+01	1.700613098144531250e+02
-4.522642517089843750e+01	-6.010277175903320312e+01	1.962748413085937500e+02
-4.235493850708007812e+01	-7.596238708496093750e+01	2.122317810058593750e+02
-1.337965393066406250e+02	-8.473374938964843750e+01	1.279997406005859375e+02
-5.473421096801757812e+01	-1.118984603881835938e+02	2.237834014892578125e+02
-1.177760162353515625e+02	-4.643517303466796875e+01	1.392953948974609375e+02
-6.599385070800781250e+01	-4.822774887084960938e+01	1.242032699584960938e+02
-2.252227020263671875e+02	-6.327402496337890625e+01	1.145090560913085938e+02
-3.706691589355468750e+02	-6.654341125488281250e+01	1.153384170532226562e+02
-1.680781860351562500e+02	-4.189930725097656250e+01	2.254901428222656250e+02
-3.683798828125000000e+02	-1.019300079345703125e+02	1.238797836303710938e+02
-2.096280975341796875e+02	-5.333489990234375000e+01	1.336392669677734375e+02
-9.374990844726562500e+01	-8.018743133544921875e+01	1.595501098632812500e+02
-1.989800262451171875e+02	-9.093331146240234375e+01	7.754254150390625000e+01
-1.415167694091796875e+02	-8.901055145263671875e+01	2.403694610595703125e+02
-1.501978302001953125e+02	-5.460478591918945312e+01	2.076016540527343750e+02
-1.726498107910156250e+02	-4.864264297485351562e+01	1.239417724609375000e+02
-1.788553924560546875e+02	-3.880284500122070312e+01	2.013291168212890625e+02
-2.616275024414062500e+02	-3.350045013427734375e+01	1.393606262207031250e+02
-2.003793945312500000e+02	-1.026261367797851562e+02	2.415727996826171875e+02
-1.844269104003906250e+02	-6.760024261474609375e+01	2.271696777343750000e+02
-1.988294372558593750e+02	-4.503003311157226562e+01	2.448224182128906250e+02
-2.057377166748046875e+02	-4.256203079223632812e+01	2.468226318359375000e+02
-1.735254211425781250e+02	-5.512078857421875000e+01	1.948352355957031250e+02
-2.237602233886718750e+02	-6.782856750488281250e+01	9.652732849121093750e+01
-1.953031158447265625e+02	-4.800292205810546875e+01	2.251543884277343750e+02
-1.676228332519531250e+02	-5.842766189575195312e+01	2.444165496826171875e+02
-2.466053466796875000e+02	-3.934426116943359375e+01	2.396779479980468750e+02
-1.645790710449218750e+02	-7.109103393554687500e+01	2.109170837402343750e+02
-7.293080902099609375e+01	-4.034860229492187500e+01	1.806134948730468750e+02
-7.171806335449218750e+01	-5.356964111328125000e+01	1.948978271484375000e+02
-6.409562683105468750e+01	-3.165325927734375000e+01	1.642938232421875000e+02
-5.270363235473632812e+01	-8.596686553955078125e+01	1.978121948242187500e+02
-8.404318237304687500e+01	-4.397876358032226562e+01	2.278016815185546875e+02
-3.594394683837890625e+01	-6.267123413085937500e+01	2.335841369628906250e+02
-5.215396118164062500e+01	-5.156964111328125000e+01	1.186744003295898438e+02
-1.801484107971191406e+01	-1.961197471618652344e+01	1.681391601562500000e+02
-6.806861877441406250e+01	-3.230894088745117188e+01	2.349170379638671875e+02
-9.611341094970703125e+01	-6.533910369873046875e+01	1.465579071044921875e+02
-4.530887985229492188e+01	-6.156153106689453125e+01	9.447157287597656250e+01
-9.306662750244140625e+01	-4.116867828369140625e+01	1.984355316162109375e+02
-1.039970474243164062e+02	-6.046954345703125000e+01	2.203421325683593750e+02
-8.833140563964843750e+01	-5.445386886596679688e+01	1.969696807861328125e+02
-9.268023681640625000e+01	-5.837629318237304688e+01	2.434388122558593750e+02
-7.679765319824218750e+01	-4.763327026367187500e+01	7.878418731689453125e+01
-1.085795059204101562e+02	-6.332658767700195312e+01	5.259355545043945312e+01
-2.121033935546875000e+02	-6.246532058715820312e+01	-1.094984359741210938e+02
-1.011053924560546875e+02	-4.737565231323242188e+01	1.283542327880859375e+02
-6.478865814208984375e+01	-7.425151062011718750e+01	2.004792785644531250e+02
-1.256326065063476562e+02	-6.124835968017578125e+01	2.213849639892578125e+02
-1.660545196533203125e+02	-6.526442718505859375e+01	2.682392272949218750e+02
-9.688734436035156250e+01	-5.952776336669921875e+01	2.224169921875000000e+02
-7.405824279785156250e+01	-5.774283981323242188e+01	2.045707855224609375e+02
-1.810142669677734375e+02	-5.198103713989257812e+01	2.543273620605468750e+02
-1.190354003906250000e+02	-5.306508636474609375e+01	2.541794891357421875e+02
-1.282131042480468750e+02	-2.437525367736816406e+01	1.543064880371093750e+02
-8.945771789550781250e+01	-4.768661117553710938e+01	2.383004455566406250e+02
-1.593870849609375000e+02	-2.244643974304199219e+01	1.828040924072265625e+02
-1.101725921630859375e+02	-4.779990768432617188e+01	-3.537802505493164062e+01
-1.052478790283203125e+02	-4.250244522094726562e+01	1.758777770996093750e+02
-1.376264648437500000e+02	-6.667835998535156250e+01	2.198667297363281250e+02
-1.069536590576171875e+02	-2.918794631958007812e+01	2.383684082031250000e+02
-1.098625259399414062e+02	-3.148118019104003906e+01	2.449201660156250000e+02
-1.044691619873046875e+02	-5.800642776489257812e+01	2.564884033203125000e+02
-1.180674209594726562e+02	-3.824559783935546875e+01	2.514661102294921875e+02
-1.289311218261718750e+02	-2.389561843872070312e+01	2.579392700195312500e+02
-1.384267272949218750e+02	-3.655692291259765625e+01	2.102430419921875000e+02
-6.639823150634765625e+01	-7.213665008544921875e+01	2.065235900878906250e+02
-1.560349884033203125e+02	-2.508089065551757812e+01	2.292154541015625000e+02
-8.795146179199218750e+01	-2.968411254882812500e+01	2.593131408691406250e+02
-1.055243759155273438e+02	-4.882344436645507812e+01	2.468137664794921875e+02
-1.246958465576171875e+02	-2.276904869079589844e+01	1.909099578857421875e+02
-1.009529266357421875e+02	-4.961333465576171875e+01	2.692306518554687500e+02
-1.553258666992187500e+02	-3.181356239318847656e+01	1.925336151123046875e+02
-9.151511383056640625e+01	-5.111122894287109375e+01	2.645008239746093750e+02
-1.686436004638671875e+02	-3.652358245849609375e+01	2.200274963378906250e+02
-9.732461547851562500e+01	-5.328090667724609375e+01	2.427916259765625000e+02
-8.130056762695312500e+01	-3.822855377197265625e+01	2.284671325683593750e+02
-1.178021240234375000e+02	-2.603573226928710938e+01	2.559152832031250000e+02
-1.413562774658203125e+02	-2.543777847290039062e+01	2.510992889404296875e+02
-8.429839324951171875e+01	-2.628313064575195312e+01	2.599813537597656250e+02
-8.962226104736328125e+01	-3.297292327880859375e+01	2.199290313720703125e+02
-9.928588104248046875e+01	-2.809293556213378906e+01	2.498359375000000000e+02
-9.202648162841796875e+01	-2.458221054077148438e+01	2.225585479736328125e+02
-1.037678680419921875e+02	-1.800471305847167969e+01	2.496953887939453125e+02
-1.121262969970703125e+02	-3.366120147705078125e+01	2.566984252929687500e+02
-1.052297821044921875e+02	-3.445150375366210938e+01	2.553018341064453125e+02
-1.157513046264648438e+02	-5.497010040283203125e+01	1.588096771240234375e+02
-1.197153091430664062e+02	-4.360496520996093750e+01	2.061141662597656250e+02
-8.835632324218750000e+01	-3.330674362182617188e+01	2.141065216064453125e+02
-8.568348693847656250e+01	-5.220162200927734375e+01	2.685141601562500000e+02
-5.661998748779296875e+01	-1.057591056823730469e+01	2.659907836914062500e+02
-9.916192626953125000e+01	-2.207922697067260742e+00	2.615284118652343750e+02
-9.215763092041015625e+01	-3.989152193069458008e+00	2.597891540527343750e+02
-1.339331817626953125e+02	-6.742713928222656250e+01	2.377481231689453125e+02
-1.178965301513671875e+02	2.949272632598876953e+00	2.163239288330078125e+02
-8.738734436035156250e+01	-7.297497558593750000e+01	2.659199829101562500e+02
-1.374325866699218750e+02	-2.949822616577148438e+01	2.645405273437500000e+02
-6.644657897949218750e+01	-2.256081962585449219e+01	2.676928100585937500e+02
-5.196302032470703125e+01	-3.979079437255859375e+01	2.200500183105468750e+02
-8.097045135498046875e+01	-3.969189071655273438e+01	2.662983703613281250e+02
-1.076866683959960938e+02	-6.024619674682617188e+01	2.577929077148437500e+02
-3.569315719604492188e+01	1.463361549377441406e+01	2.645696716308593750e+02
-9.633442687988281250e+01	-3.348233032226562500e+01	2.296879119873046875e+02
-6.068974685668945312e+01	-2.327705764770507812e+01	2.590323791503906250e+02
-9.788426971435546875e+01	2.027841567993164062e+01	2.663283081054687500e+02
-6.207883453369140625e+01	2.027992820739746094e+01	2.288607635498046875e+02
-3.826358795166015625e+01	-1.890849709510803223e+00	1.339039764404296875e+02
-5.691492462158203125e+01	-1.734553909301757812e+01	2.446058654785156250e+02
-4.631166076660156250e+01	1.254091930389404297e+01	2.031745605468750000e+02
-5.232327270507812500e+01	-1.812660789489746094e+01	2.375386199951171875e+02
-6.019545364379882812e+01	-8.154511260986328125e+01	2.607451782226562500e+02
-5.882444000244140625e+01	3.105591201782226562e+01	2.554372253417968750e+02
-1.895724296569824219e+01	-8.151966857910156250e+01	2.635856323242187500e+02
-6.754976654052734375e+01	-4.029343724250793457e-01	2.430719909667968750e+02
-6.977902984619140625e+01	3.968305206298828125e+01	1.903017272949218750e+02
-5.776353073120117188e+01	-1.620003128051757812e+01	2.252072753906250000e+02
-5.865302658081054688e+01	-7.878761291503906250e+01	2.478948211669921875e+02
-7.433132934570312500e+01	-3.379679441452026367e+00	2.077297058105468750e+02
-5.709783935546875000e+01	2.360859489440917969e+01	1.935531005859375000e+02
-3.041695785522460938e+01	1.286854553222656250e+02	2.469996337890625000e+02
-5.337311935424804688e+01	-2.471346664428710938e+01	2.410942840576171875e+02
-3.635799407958984375e+01	-6.353088378906250000e+01	1.627737121582031250e+02
-1.002305374145507812e+02	8.368417358398437500e+01	2.610285034179687500e+02
-4.001644134521484375e+01	9.831241607666015625e+01	2.085541076660156250e+02
-5.947070312500000000e+01	-5.842601394653320312e+01	2.391186065673828125e+02
-4.560194396972656250e+01	7.303721618652343750e+01	2.642564392089843750e+02
-3.886817932128906250e+01	4.923946380615234375e+01	2.186158447265625000e+02
-3.000113487243652344e+01	-1.465402793884277344e+01	2.039458312988281250e+02
-3.576045989990234375e+01	-7.879576110839843750e+01	2.651537475585937500e+02
-5.467100906372070312e+01	-1.905214500427246094e+01	1.172803344726562500e+02
-2.721776962280273438e+01	-7.718661308288574219e+00	1.979596557617187500e+02
-4.942435073852539062e+01	1.896965026855468750e+02	2.288384552001953125e+02
-4.150410842895507812e+01	1.165401229858398438e+02	2.361843566894531250e+02
-1.833054161071777344e+01	7.664029693603515625e+01	1.966013793945312500e+02
-2.196635246276855469e+01	1.679727630615234375e+02	2.595661010742187500e+02
-5.618023681640625000e+01	2.740377807617187500e+01	2.687972106933593750e+02
-5.017323684692382812e+01	9.315491485595703125e+01	2.414900360107421875e+02
-5.057788848876953125e+01	1.068959579467773438e+02	1.145868530273437500e+02
-3.128994750976562500e+01	1.241412506103515625e+02	2.254323730468750000e+02
-6.181911087036132812e+01	9.635754394531250000e+01	2.498156738281250000e+02
-3.669745635986328125e+01	1.604961700439453125e+02	2.279374084472656250e+02
-6.403151702880859375e+01	8.441083526611328125e+01	2.619144897460937500e+02
-6.185463333129882812e+01	1.645442199707031250e+02	2.461730194091796875e+02
-3.671891784667968750e+01	1.494188537597656250e+02	2.138681640625000000e+02
-3.786444854736328125e+01	1.607209777832031250e+02	2.616882019042968750e+02
-5.000598907470703125e+01	1.545158996582031250e+02	2.418190460205078125e+02
-4.960966873168945312e+01	7.933071136474609375e+01	2.646516113281250000e+02
-2.273470115661621094e+01	9.593786621093750000e+01	2.574384155273437500e+02
-5.212723541259765625e+01	4.367206573486328125e+01	2.588870239257812500e+02
-2.871580886840820312e+01	1.380015563964843750e+02	2.746169738769531250e+02
-2.258181571960449219e+01	1.176136932373046875e+02	2.698960571289062500e+02
-4.145469665527343750e+01	1.775173645019531250e+02	2.456129455566406250e+02
-1.654695510864257812e+01	1.399628601074218750e+02	1.756412353515625000e+02
-5.114692687988281250e+01	5.980920410156250000e+01	2.606359558105468750e+02
-2.825360679626464844e+01	1.416244506835937500e+02	2.526502685546875000e+02
-6.077669143676757812e+01	6.901920318603515625e+01	2.180544738769531250e+02
-1.470149803161621094e+01	5.528080368041992188e+01	2.545987854003906250e+02
-3.710763549804687500e+01	8.437245178222656250e+01	2.005356903076171875e+02
-6.805945396423339844e+00	1.124858779907226562e+02	2.472073211669921875e+02
-2.968811607360839844e+01	1.797368774414062500e+02	2.426814422607421875e+02
-2.767367172241210938e+01	1.090046768188476562e+02	2.567889099121093750e+02
-2.908312416076660156e+01	1.927627868652343750e+02	2.089897155761718750e+02
-3.583438110351562500e+01	7.565687561035156250e+01	2.534048156738281250e+02
-3.182213401794433594e+01	1.430939941406250000e+02	2.617013549804687500e+02
-2.632355308532714844e+01	1.229520492553710938e+02	2.454069061279296875e+02
-3.574987411499023438e+01	1.270342636108398438e+02	2.517600402832031250e+02
-2.565578079223632812e+01	1.350424804687500000e+02	2.704321594238281250e+02
-8.042048454284667969e+00	1.540392150878906250e+02	2.809854736328125000e+02
-2.913958740234375000e+01	1.590180664062500000e+02	2.651470336914062500e+02
-4.364698028564453125e+01	1.146088485717773438e+02	2.701475524902343750e+02
-8.393697738647460938e+00	6.122170257568359375e+01	2.761226501464843750e+02
-2.515254020690917969e+01	1.683108520507812500e+02	2.623000793457031250e+02
-2.662832069396972656e+01	6.438130950927734375e+01	2.541396484375000000e+02
-1.783954620361328125e+01	1.381324462890625000e+02	2.603851623535156250e+02
-1.991209602355957031e+01	2.107945861816406250e+02	2.718284301757812500e+02
-2.051585006713867188e+01	1.070247802734375000e+02	2.550588378906250000e+02
-4.250989913940429688e+01	1.460589904785156250e+02	2.193473205566406250e+02
-2.315864944458007812e+01	1.745540924072265625e+02	2.847892456054687500e+02
-2.973129653930664062e+01	1.379237365722656250e+02	2.594557495117187500e+02
-1.011800575256347656e+01	1.745762634277343750e+02	2.750887756347656250e+02
-3.778377914428710938e+01	8.766905975341796875e+01	2.681834716796875000e+02
-1.059150123596191406e+01	1.149427261352539062e+02	2.706347961425781250e+02
-5.674754142761230469e+00	8.037014007568359375e+01	2.773792114257812500e+02
-2.405710601806640625e+01	9.896295166015625000e+01	2.760657348632812500e+02
-3.531851959228515625e+01	2.689647865295410156e+01	2.682889709472656250e+02
-2.683227920532226562e+01	7.995557403564453125e+01	2.697911376953125000e+02
-1.607880020141601562e+01	4.842786788940429688e+01	2.901040649414062500e+02
-2.816279602050781250e+01	4.442388153076171875e+01	2.725598754882812500e+02
-4.658177947998046875e+01	1.602297210693359375e+02	2.756015930175781250e+02
-3.299399948120117188e+01	1.474669494628906250e+02	2.025118865966796875e+02
-3.345133209228515625e+01	1.319394683837890625e+02	1.233817596435546875e+02
-2.851542282104492188e+01	2.063453369140625000e+02	2.710644226074218750e+02
-1.439829254150390625e+01	1.528960266113281250e+02	1.233509902954101562e+02
-2.934035682678222656e+01	9.157518768310546875e+01	2.247235565185546875e+02
-1.861606597900390625e+01	1.855732879638671875e+02	1.379446563720703125e+02
-2.384092330932617188e+01	5.762092208862304688e+01	1.266627655029296875e+02
-6.268872737884521484e+00	2.245740966796875000e+02	1.399187774658203125e+02
-6.347618484497070312e+01	2.020625305175781250e+02	2.378081512451171875e+02
-6.032136440277099609e+00	9.162464904785156250e+01	2.855242919921875000e+02
-2.749269104003906250e+01	1.391873474121093750e+02	2.920436706542968750e+02
-4.104863357543945312e+01	2.063145446777343750e+02	2.419918212890625000e+02
-6.487528324127197266e+00	1.204440078735351562e+02	2.652498168945312500e+02
-6.205100631713867188e+01	2.189730682373046875e+02	2.597966918945312500e+02
-1.766711425781250000e+01	2.046074371337890625e+02	2.488683624267578125e+02
-1.893635177612304688e+01	1.915664825439453125e+02	2.722628784179687500e+02
-1.733948135375976562e+01	2.337092285156250000e+02	2.737572326660156250e+02
-3.013633155822753906e+01	2.115494689941406250e+02	2.765363159179687500e+02
-3.790674972534179688e+01	1.980301666259765625e+02	2.660055541992187500e+02
-2.779020690917968750e+01	2.360355682373046875e+02	1.649286193847656250e+02
-2.422672653198242188e+01	2.183646697998046875e+02	2.761021423339843750e+02
-3.618735122680664062e+01	2.355340118408203125e+02	2.537343292236328125e+02
-1.818343734741210938e+01	2.064339294433593750e+02	2.276493835449218750e+02
-1.174428462982177734e+01	2.608077087402343750e+02	2.667200317382812500e+02
-2.051941299438476562e+01	1.945753479003906250e+02	2.766340332031250000e+02
-1.364813709259033203e+01	1.982976379394531250e+02	2.238040771484375000e+02
-3.064732742309570312e+01	2.198331756591796875e+02	2.677375488281250000e+02
-2.305762863159179688e+01	1.997771606445312500e+02	2.597807922363281250e+02
-5.862841129302978516e+00	1.881106719970703125e+02	2.846734008789062500e+02
-5.306167125701904297e+00	1.645669250488281250e+02	2.821228332519531250e+02
-8.368305206298828125e+00	1.862458801269531250e+02	2.807625122070312500e+02
-3.898744964599609375e+01	2.266109313964843750e+02	2.779880981445312500e+02
-2.155793380737304688e+01	2.366183624267578125e+02	2.570064086914062500e+02
-1.269696331024169922e+01	1.800974426269531250e+02	2.709861450195312500e+02
-2.757912063598632812e+01	1.685056152343750000e+02	2.793915100097656250e+02
-5.614077758789062500e+01	2.001537322998046875e+02	2.678253784179687500e+02
-4.302197647094726562e+01	2.163991699218750000e+02	2.813921813964843750e+02
7.512049674987792969e+00	1.915467681884765625e+02	2.769570007324218750e+02
-3.734336090087890625e+01	1.217491912841796875e+02	2.882578735351562500e+02
-1.646749305725097656e+01	2.457970733642578125e+02	2.893931274414062500e+02
-2.773373794555664062e+01	1.878184967041015625e+02	2.754917907714843750e+02
-2.182468795776367188e+01	1.796001434326171875e+02	2.606843872070312500e+02
-2.982495689392089844e+01	1.691384887695312500e+02	2.760028076171875000e+02
-7.876593112945556641e+00	2.142995452880859375e+01	2.841838378906250000e+02
-5.333629226684570312e+01	2.072112121582031250e+02	2.859268798828125000e+02
-6.067765426635742188e+01	1.895645446777343750e+02	2.737067260742187500e+02
-2.569103622436523438e+01	1.992144927978515625e+02	2.772788391113281250e+02
-8.690256118774414062e+00	2.353535919189453125e+02	2.675460510253906250e+02
-9.662542343139648438e+00	1.432106933593750000e+02	2.684462280273437500e+02
-4.202605056762695312e+01	1.963597259521484375e+02	1.637598571777343750e+02
-4.589110565185546875e+01	2.361755676269531250e+02	2.619963989257812500e+02
5.785061120986938477e-01	9.829933166503906250e+01	2.893286132812500000e+02
-5.336389923095703125e+01	2.283349151611328125e+02	2.700288696289062500e+02
-1.310300636291503906e+01	2.348120574951171875e+02	2.641113891601562500e+02
-2.828772354125976562e+01	2.528462219238281250e+02	2.806463623046875000e+02
-2.875261306762695312e+01	1.817246246337890625e+02	2.692776489257812500e+02
4.304941654205322266e+00	2.529587860107421875e+02	2.893530273437500000e+02
-3.842566299438476562e+01	2.471391143798828125e+02	2.745697631835937500e+02
-5.260873413085937500e+01	2.180029602050781250e+02	2.720875244140625000e+02
-4.731532669067382812e+01	2.065467224121093750e+02	2.544967041015625000e+02
-3.115591049194335938e+01	2.270500946044921875e+02	2.720610961914062500e+02
3.091933822631835938e+01	1.871042175292968750e+02	2.622594604492187500e+02
-2.725889587402343750e+01	2.341254577636718750e+02	2.503304901123046875e+02
-3.669673919677734375e+01	2.447528076171875000e+02	2.722651977539062500e+02
-3.174320983886718750e+01	1.332073669433593750e+02	2.538983612060546875e+02
2.555134010314941406e+01	2.049492950439453125e+02	1.919527893066406250e+02
-5.792731285095214844e+00	1.200396347045898438e+02	2.615469970703125000e+02
-3.480012893676757812e+01	2.229555206298828125e+02	2.452015075683593750e+02
-1.388342094421386719e+01	1.899030914306640625e+02	2.349948730468750000e+02
-2.000118255615234375e+01	2.015550842285156250e+02	2.595666809082031250e+02
-8.648475646972656250e+01	2.147089080810546875e+02	1.526629180908203125e+02
-9.210425567626953125e+01	2.276821746826171875e+02	2.662689819335937500e+02
-3.405394363403320312e+01	2.303963928222656250e+02	2.539274139404296875e+02
-2.136252975463867188e+01	1.422742309570312500e+02	2.702975463867187500e+02
-3.409277725219726562e+01	2.578050537109375000e+02	2.597435302734375000e+02
-3.972135162353515625e+01	2.307323760986328125e+02	2.834159545898437500e+02
-3.186061668395996094e+01	1.298558349609375000e+02	2.724543151855468750e+02
-1.294130706787109375e+01	2.353173370361328125e+02	2.749423522949218750e+02
-1.583441448211669922e+01	2.353180389404296875e+02	2.764462585449218750e+02
-1.290730285644531250e+01	-3.842276811599731445e+00	2.735257873535156250e+02
-3.407865047454833984e+00	1.540490722656250000e+02	2.819082946777343750e+02
6.497386169433593750e+01	2.470566711425781250e+02	2.877496948242187500e+02
1.417947959899902344e+01	1.606393737792968750e+02	2.494424285888671875e+02
-3.607242584228515625e+01	2.413151397705078125e+02	2.466564636230468750e+02
-7.469136047363281250e+01	2.499130096435546875e+02	2.692525634765625000e+02
-2.896078872680664062e+01	2.194633483886718750e+02	2.797161560058593750e+02
-5.156441688537597656e+00	1.498053131103515625e+02	2.774591979980468750e+02
-8.781434059143066406e+00	1.610650329589843750e+02	2.593106079101562500e+02
-3.691681671142578125e+01	1.029505233764648438e+02	2.210630187988281250e+02
-3.514297485351562500e+01	1.813607482910156250e+02	2.535225524902343750e+02
-2.581749343872070312e+01	2.122276611328125000e+02	2.844042663574218750e+02
-3.584270477294921875e+01	2.278120880126953125e+02	2.506267852783203125e+02
-6.015529632568359375e+01	2.262698669433593750e+02	2.646553039550781250e+02
-2.835849571228027344e+01	2.378758544921875000e+02	2.834843444824218750e+02
-1.666401100158691406e+01	2.598571166992187500e+02	2.745872497558593750e+02
-2.010479354858398438e+01	2.519293670654296875e+02	2.741959533691406250e+02
-2.641263961791992188e+01	2.199646453857421875e+02	2.683464965820312500e+02
-2.626224327087402344e+01	2.600357055664062500e+02	2.665606079101562500e+02
-2.397794342041015625e+01	2.605183715820312500e+02	2.411222686767578125e+02
-7.254307556152343750e+01	2.312010498046875000e+02	2.655383605957031250e+02
-5.380643367767333984e+00	2.440568389892578125e+02	2.723493652343750000e+02
-9.866539001464843750e+01	2.422221374511718750e+02	2.494835205078125000e+02
3.495512771606445312e+01	2.497594451904296875e+02	2.807034301757812500e+02
-1.518008995056152344e+01	2.356516113281250000e+02	2.535376739501953125e+02
-2.917846679687500000e+01	2.418355712890625000e+02	2.631913757324218750e+02
-4.779113006591796875e+01	2.560732421875000000e+02	2.732796630859375000e+02
-3.638116455078125000e+01	1.497990570068359375e+02	2.703297729492187500e+02
-6.574459075927734375e+00	2.376401367187500000e+02	1.627115478515625000e+02
-6.638253211975097656e+00	2.693458862304687500e+02	2.796827392578125000e+02
7.679471015930175781e+00	2.401737823486328125e+02	2.579255676269531250e+02
-2.497219276428222656e+01	2.351776123046875000e+02	2.646198120117187500e+02
-3.487338638305664062e+01	2.489506530761718750e+02	2.725572814941406250e+02
-2.733979797363281250e+01	2.429275207519531250e+02	2.555957489013671875e+02
2.525626659393310547e+00	2.090634765625000000e+02	2.725651855468750000e+02
-5.315074443817138672e+00	2.266751403808593750e+02	2.574744262695312500e+02
-3.468507003784179688e+01	2.112510681152343750e+02	2.646979064941406250e+02
1.624340415000915527e+00	2.358581237792968750e+02	2.742815246582031250e+02
-1.961311340332031250e+00	2.455085449218750000e+02	2.788895874023437500e+02
7.348023891448974609e+00	2.554628448486328125e+02	2.497857360839843750e+02
-8.120524406433105469e+00	2.411528320312500000e+02	2.695780639648437500e+02
4.098703384399414062e+01	2.649488220214843750e+02	2.405169677734375000e+02
4.124789428710937500e+01	2.562882690429687500e+02	2.672787170410156250e+02
-1.937298774719238281e+00	2.007256317138671875e+02	2.121058807373046875e+02
1.835180282592773438e+01	2.491068878173828125e+02	2.739736022949218750e+02
7.520903015136718750e+01	1.110558013916015625e+02	2.773533325195312500e+02
8.971057128906250000e+01	2.431472473144531250e+02	2.636225280761718750e+02
-5.316254425048828125e+01	2.369351501464843750e+02	2.306728210449218750e+02
6.266268157958984375e+01	2.463789978027343750e+02	2.664042053222656250e+02
7.797041320800781250e+01	1.357475128173828125e+02	2.717527770996093750e+02
1.698404846191406250e+02	2.119037322998046875e+02	2.783434143066406250e+02
1.085917129516601562e+02	2.669512023925781250e+02	2.692880249023437500e+02
2.398893737792968750e+02	2.033708190917968750e+02	2.765899963378906250e+02
2.189219207763671875e+02	2.356933288574218750e+02	2.656887207031250000e+02
1.748460083007812500e+02	2.553078155517578125e+02	2.649098205566406250e+02
8.086090850830078125e+01	2.041894226074218750e+02	2.634891052246093750e+02
8.644779968261718750e+01	2.328680419921875000e+02	2.542782897949218750e+02
-9.052742004394531250e+00	1.639416809082031250e+02	2.758280639648437500e+02
8.352722930908203125e+01	2.111562957763671875e+02	2.762993469238281250e+02
5.508065032958984375e+01	2.455906219482421875e+02	2.540447235107421875e+02
5.482640457153320312e+01	2.066230163574218750e+02	2.840400695800781250e+02
-8.879419326782226562e+00	1.779329681396484375e+02	1.589077301025390625e+02
3.832353115081787109e+00	1.732438507080078125e+02	2.816077270507812500e+02
1.477013244628906250e+02	2.374723815917968750e+02	2.732878112792968750e+02
1.903790740966796875e+02	2.112530822753906250e+02	2.672576293945312500e+02
1.290902252197265625e+02	1.072024765014648438e+02	2.603110351562500000e+02
8.389678192138671875e+01	1.114183959960937500e+02	2.757145385742187500e+02
1.417997283935546875e+02	2.184565429687500000e+02	2.697998657226562500e+02
1.980187683105468750e+02	1.606460876464843750e+02	2.749424438476562500e+02
7.008641052246093750e+01	1.711776580810546875e+02	2.537432861328125000e+02
-3.535741043090820312e+01	2.205242919921875000e+02	2.719786987304687500e+02
6.379776763916015625e+01	2.123401641845703125e+02	2.735979309082031250e+02
7.779923439025878906e+00	2.183430175781250000e+02	2.509458923339843750e+02
1.176932907104492188e+01	1.120347061157226562e+02	2.818225402832031250e+02
-9.963883209228515625e+01	1.906262969970703125e+02	2.868360900878906250e+02
1.495000915527343750e+02	1.151757049560546875e+02	2.783009338378906250e+02
9.952922821044921875e+00	2.377876434326171875e+02	1.921080017089843750e+02
6.459294128417968750e+01	2.649765625000000000e+02	2.761581115722656250e+02
9.836669921875000000e+01	2.544286346435546875e+02	2.161680450439453125e+02
3.110216140747070312e+01	1.634808349609375000e+02	2.443662872314453125e+02
2.161868438720703125e+02	2.482257385253906250e+02	2.226471862792968750e+02
1.759632720947265625e+02	2.408400421142578125e+02	1.868746643066406250e+02
1.635027160644531250e+02	1.988563537597656250e+02	2.061444396972656250e+02
1.853450317382812500e+02	2.681183471679687500e+02	2.497082519531250000e+02
2.069409942626953125e+02	1.135993423461914062e+02	2.620682373046875000e+02
1.986135559082031250e+02	1.700368804931640625e+02	2.691289367675781250e+02
1.863742980957031250e+02	2.492076721191406250e+02	2.650127868652343750e+02
-2.853070640563964844e+01	1.400705871582031250e+02	2.716776123046875000e+02
1.168507232666015625e+02	2.008770446777343750e+02	2.607593994140625000e+02
4.521354734897613525e-01	2.653900451660156250e+02	2.677069702148437500e+02
-1.765871887207031250e+02	1.650734558105468750e+02	2.352181396484375000e+02
1.316688995361328125e+02	2.151595764160156250e+02	2.901804504394531250e+02
-5.142440795898437500e+01	2.632797241210937500e+02	2.504909973144531250e+02
-2.295914077758789062e+01	2.341054382324218750e+02	2.682876281738281250e+02
-3.403837203979492188e+01	2.597152099609375000e+02	2.769601440429687500e+02
2.953342199325561523e+00	2.322567138671875000e+02	2.839705200195312500e+02
5.269971847534179688e+01	2.512032470703125000e+02	2.853248901367187500e+02
-4.873847198486328125e+01	1.969318237304687500e+02	2.843977661132812500e+02
-5.494118118286132812e+01	1.914812927246093750e+02	2.614632568359375000e+02
1.303469085693359375e+02	2.186223602294921875e+02	1.973247528076171875e+02
-5.530429077148437500e+01	2.161731719970703125e+02	2.781295471191406250e+02
-9.039894104003906250e+01	2.243625793457031250e+02	2.945910339355468750e+02
-4.559252929687500000e+01	1.011731643676757812e+02	2.791610107421875000e+02
7.879439353942871094e+00	2.264234313964843750e+02	2.829965209960937500e+02
-1.231871223449707031e+01	1.866524658203125000e+02	2.727115173339843750e+02
-1.087358398437500000e+02	1.742984924316406250e+02	2.578338928222656250e+02
-1.300983886718750000e+02	2.430637512207031250e+02	1.955192260742187500e+02
4.258029937744140625e+01	2.330984344482421875e+02	2.759603576660156250e+02
-1.201858139038085938e+01	2.553797912597656250e+02	1.741972656250000000e+02
4.932484817504882812e+01	2.612581176757812500e+02	2.667904968261718750e+02
-9.633321762084960938e+00	2.421634826660156250e+02	6.395485687255859375e+01
-1.530107307434082031e+01	2.366665039062500000e+02	2.498673095703125000e+02
-1.346884441375732422e+01	2.346146545410156250e+02	1.268912353515625000e+02
-5.533378720283508301e-01	2.726850280761718750e+02	-2.809415817260742188e+01
1.275395393371582031e+01	2.560289306640625000e+02	-7.161958312988281250e+01
7.994570732116699219e+00	2.629999389648437500e+02	1.767427673339843750e+02
6.023759841918945312e+01	2.197940368652343750e+02	2.512733154296875000e+02
-1.357248401641845703e+01	2.301122741699218750e+02	2.577897033691406250e+02
-2.832679748535156250e+01	2.104291229248046875e+02	1.280603027343750000e+02
1.308012847900390625e+02	2.577947387695312500e+02	8.892057800292968750e+01
1.737367858886718750e+02	1.560115966796875000e+02	2.083843231201171875e+02
6.609748840332031250e+01	6.328209686279296875e+01	1.543208770751953125e+02
1.488834838867187500e+02	1.591106719970703125e+02	1.706950836181640625e+02
1.037589721679687500e+02	1.384910888671875000e+02	-2.538800811767578125e+02
1.546122741699218750e+02	1.469138488769531250e+02	-2.339324645996093750e+02
1.066680526733398438e+02	1.728424072265625000e+02	-1.172157821655273438e+02
7.068343353271484375e+01	1.726834411621093750e+02	9.303672790527343750e+01
3.435903549194335938e+01	2.064757537841796875e+02	9.794325828552246094e+00
8.046626281738281250e+01	2.247264404296875000e+02	-1.147649154663085938e+02
7.060213470458984375e+01	1.748479156494140625e+02	-2.057988281250000000e+02
9.130110931396484375e+01	1.177963256835937500e+02	1.875601654052734375e+02
1.210308685302734375e+02	1.800092163085937500e+02	2.216639862060546875e+02
6.071560668945312500e+01	2.179385681152343750e+02	1.783301086425781250e+02
1.137624740600585938e+02	1.953862457275390625e+02	2.278912658691406250e+02
2.306923065185546875e+02	2.577201232910156250e+02	6.903677368164062500e+01
1.926722717285156250e+02	2.188606872558593750e+02	2.635500488281250000e+02
2.013943023681640625e+02	2.017870788574218750e+02	7.871696472167968750e+00
2.308738708496093750e+02	2.421565246582031250e+02	2.528703918457031250e+02
1.758556671142578125e+02	1.621968078613281250e+02	2.288420410156250000e+02
2.379637145996093750e+02	1.840273284912109375e+02	2.207348175048828125e+02
2.007895660400390625e+02	1.419462127685546875e+02	2.297949218750000000e+02
7.099271392822265625e+01	2.195752258300781250e+02	1.887674102783203125e+02
7.257922363281250000e+01	2.120484313964843750e+02	9.309007263183593750e+01
1.801305694580078125e+02	2.131085968017578125e+02	1.597732696533203125e+02
1.913239898681640625e+02	2.392656555175781250e+02	-3.495599746704101562e+01
2.334254455566406250e+02	2.224290466308593750e+02	6.197123336791992188e+01
3.137008285522460938e+01	2.260059051513671875e+02	6.539479827880859375e+01
2.038347473144531250e+02	2.531750030517578125e+02	-3.832028150558471680e+00
2.024265899658203125e+02	2.070187683105468750e+02	1.576665802001953125e+02
2.574232177734375000e+02	2.349595031738281250e+02	1.932771453857421875e+02
2.635184936523437500e+02	2.395262145996093750e+02	-2.719479942321777344e+01
1.772163391113281250e+02	2.513605651855468750e+02	1.286540069580078125e+02
1.424810943603515625e+02	2.173580322265625000e+02	-4.141806793212890625e+01
1.300281982421875000e+02	2.464169006347656250e+02	2.223601837158203125e+02
1.917126312255859375e+02	2.374453125000000000e+02	1.780765380859375000e+02
2.640795288085937500e+02	2.714366149902343750e+02	1.305963134765625000e+02
7.768876647949218750e+01	1.863795928955078125e+02	2.382560729980468750e+02
2.534644775390625000e+02	2.548814392089843750e+02	2.026453552246093750e+02
8.575047302246093750e+01	2.191786346435546875e+02	2.008019866943359375e+02
1.062909088134765625e+02	1.511352233886718750e+02	1.239792022705078125e+02
9.702976989746093750e+01	2.487498321533203125e+02	-9.137222290039062500e+00
7.399791717529296875e+01	1.808927459716796875e+02	-7.896055698394775391e+00
3.282725143432617188e+01	1.761665954589843750e+02	-6.565168762207031250e+01
1.904239807128906250e+02	2.329440155029296875e+02	-6.265724945068359375e+01
2.609539184570312500e+02	2.149835510253906250e+02	-1.671437501907348633e+00
1.632629699707031250e+02	2.106440429687500000e+02	9.669477081298828125e+01
2.190402526855468750e+02	2.142966308593750000e+02	2.027101898193359375e+02
2.477597198486328125e+02	1.563646392822265625e+02	1.236432838439941406e+01
2.426859436035156250e+02	2.286107635498046875e+02	1.824847793579101562e+01
2.044621429443359375e+02	2.217636260986328125e+02	-7.577358245849609375e+00
1.562443237304687500e+02	2.594501342773437500e+02	-4.605564117431640625e+01
1.738069458007812500e+02	1.909275207519531250e+02	-9.156342315673828125e+01
1.411554870605468750e+02	1.675441131591796875e+02	-5.143745040893554688e+01
2.375245819091796875e+02	2.048956604003906250e+02	-1.252315044403076172e+01
2.444735870361328125e+02	1.892729949951171875e+02	-8.505990600585937500e+01
1.745946960449218750e+02	1.905638427734375000e+02	-1.749018669128417969e+01
1.864077606201171875e+02	2.301057128906250000e+02	-2.067821884155273438e+01
2.508153381347656250e+02	1.748677215576171875e+02	2.781449508666992188e+01
1.365637512207031250e+02	2.378666076660156250e+02	-3.551834106445312500e+01
1.636534271240234375e+02	2.350242919921875000e+02	-3.153333663940429688e+01
2.471716308593750000e+02	1.362413177490234375e+02	-2.996824645996093750e+01
2.007310791015625000e+02	1.796061096191406250e+02	-7.639830112457275391e+00
2.670812988281250000e+02	1.477624359130859375e+02	5.803616046905517578e+00
2.004959259033203125e+02	5.047032928466796875e+01	-1.987114334106445312e+01
2.587375488281250000e+02	2.330642547607421875e+02	4.336636352539062500e+01
2.590856628417968750e+02	2.097791748046875000e+02	-2.565948963165283203e+00
1.699154510498046875e+02	2.432368164062500000e+02	6.018787384033203125e+01
2.343182678222656250e+02	1.996931457519531250e+02	-1.651290953159332275e-01
2.339841003417968750e+02	2.309727478027343750e+02	8.836682128906250000e+01
1.730939025878906250e+02	1.913609619140625000e+02	-1.606669998168945312e+01
2.593913574218750000e+02	2.220050964355468750e+02	-2.315821075439453125e+01
2.237077636718750000e+02	2.185750427246093750e+02	4.394398212432861328e+00
2.511868591308593750e+02	2.507072753906250000e+02	1.047913055419921875e+02
2.668991088867187500e+02	2.677292785644531250e+02	-4.940005779266357422e+00
2.429050598144531250e+02	2.692427673339843750e+02	2.306118164062500000e+02
2.675875854492187500e+02	2.329510192871093750e+02	-6.921681880950927734e+00
2.766145935058593750e+02	2.643144531250000000e+02	1.477465534210205078e+01
2.537349395751953125e+02	2.169533386230468750e+02	1.669856109619140625e+02
2.313284149169921875e+02	2.087244873046875000e+02	-1.315955352783203125e+01
2.606494445800781250e+02	2.137787170410156250e+02	1.513179302215576172e+01
2.709328613281250000e+02	2.530032653808593750e+02	3.153979539871215820e+00
2.503306121826171875e+02	2.407505187988281250e+02	-2.657511329650878906e+01
2.750130920410156250e+02	2.669107360839843750e+02	2.877865314483642578e+00
2.414245605468750000e+02	2.284675750732421875e+02	-5.768225097656250000e+01
2.713773193359375000e+02	1.906429290771484375e+02	2.987293052673339844e+01
2.156344451904296875e+02	2.240529785156250000e+02	1.870377159118652344e+01
2.459676055908203125e+02	2.642601013183593750e+02	9.201507568359375000e+00
2.437099304199218750e+02	2.600730590820312500e+02	-6.587148284912109375e+01
2.747091064453125000e+02	2.530785369873046875e+02	-1.171289348602294922e+01
2.774104003906250000e+02	2.372618865966796875e+02	8.112438201904296875e+01
2.194370117187500000e+02	2.690281372070312500e+02	-4.031673371791839600e-01
2.566533508300781250e+02	2.166450500488281250e+02	4.160613059997558594e+00
2.662980346679687500e+02	2.439351806640625000e+02	5.853833007812500000e+01
2.771076660156250000e+02	2.606477355957031250e+02	4.460701465606689453e+00
1.436894378662109375e+02	1.424019165039062500e+02	-3.187500381469726562e+01
2.646520385742187500e+02	2.438591003417968750e+02	1.645653991699218750e+02
2.412768859863281250e+02	2.443979797363281250e+02	-9.777743339538574219e+00
2.581666870117187500e+02	2.628068237304687500e+02	-1.328800678253173828e+01
2.260492706298828125e+02	1.952937011718750000e+02	1.565307922363281250e+02
2.130424041748046875e+02	2.498885040283203125e+02	4.144992446899414062e+01
1.409394989013671875e+02	2.766385192871093750e+02	1.293636627197265625e+02
1.109013671875000000e+02	2.740521240234375000e+02	1.610283508300781250e+02
2.435130615234375000e+02	1.968151550292968750e+02	8.056394577026367188e+00
1.643326110839843750e+02	2.661329040527343750e+02	1.239067535400390625e+02
2.379325256347656250e+02	1.964711608886718750e+02	1.883374481201171875e+02
2.078091583251953125e+02	2.417964630126953125e+02	2.132986297607421875e+02
1.424028320312500000e+02	2.566692810058593750e+02	1.666729736328125000e+02
1.631375274658203125e+02	2.664911499023437500e+02	2.036921386718750000e+02
2.322924499511718750e+02	2.369536437988281250e+02	2.139974670410156250e+02
1.575265350341796875e+02	2.380631103515625000e+02	8.822515487670898438e+00
2.137286071777343750e+02	2.602160034179687500e+02	8.791533660888671875e+01
2.186962585449218750e+02	1.895850219726562500e+02	2.134012756347656250e+02
2.150959930419921875e+02	2.116705322265625000e+02	4.670129394531250000e+01
1.930368957519531250e+02	2.452310485839843750e+02	1.993295745849609375e+02
2.196420440673828125e+02	2.327015686035156250e+02	1.666136627197265625e+02
2.395299835205078125e+02	2.468052978515625000e+02	1.747439727783203125e+02
2.368582000732421875e+02	2.637056274414062500e+02	2.079437713623046875e+02
2.383067321777343750e+02	2.752322387695312500e+02	1.809231262207031250e+02
2.016766052246093750e+02	1.687003936767578125e+02	2.300415802001953125e+02
2.416231231689453125e+02	2.384623718261718750e+02	2.173365020751953125e+02
2.564184875488281250e+02	2.580951232910156250e+02	2.354938659667968750e+02
2.552310485839843750e+02	2.335334930419921875e+02	2.310464630126953125e+02
2.095482482910156250e+02	2.634194335937500000e+02	2.310266418457031250e+02
2.545416564941406250e+02	2.598223266601562500e+02	2.343918914794921875e+02
2.623757934570312500e+02	2.630075988769531250e+02	2.290218505859375000e+02
2.438511199951171875e+02	2.104778289794921875e+02	2.461248321533203125e+02
2.537065734863281250e+02	2.629287414550781250e+02	2.528465576171875000e+02
2.192754364013671875e+02	2.494396972656250000e+02	2.327873992919921875e+02
2.645856628417968750e+02	1.856394500732421875e+02	2.599012451171875000e+02
8.213222503662109375e+01	2.495066223144531250e+02	2.037276611328125000e+02
2.624424438476562500e+02	2.128240661621093750e+02	2.347218017578125000e+02
2.594140625000000000e+02	2.537805175781250000e+02	2.335879211425781250e+02
2.390561523437500000e+02	2.452226257324218750e+02	1.751687316894531250e+02
2.295471649169921875e+02	2.572588500976562500e+02	2.485545654296875000e+02
2.518883972167968750e+02	2.561759033203125000e+02	2.466051788330078125e+02
2.557320251464843750e+02	2.289522399902343750e+02	2.288402404785156250e+02
2.667578125000000000e+02	2.398484344482421875e+02	2.446426239013671875e+02
2.268201141357421875e+02	1.993980102539062500e+02	2.339160156250000000e+02
2.326964111328125000e+02	2.591115112304687500e+02	2.526625213623046875e+02
2.287025146484375000e+02	2.297772521972656250e+02	2.196046600341796875e+02
2.686797485351562500e+02	2.648209533691406250e+02	2.041628417968750000e+02
2.524364929199218750e+02	2.282394256591796875e+02	1.675763092041015625e+02
2.571429443359375000e+02	2.667729797363281250e+02	2.217877197265625000e+02
2.292633361816406250e+02	2.130200195312500000e+02	1.971855163574218750e+02
2.416154327392578125e+02	2.443795471191406250e+02	2.114364776611328125e+02
2.033800964355468750e+02	2.533768615722656250e+02	2.167436981201171875e+02
2.244880371093750000e+02	2.594741821289062500e+02	2.369327392578125000e+02
2.562432250976562500e+02	1.696977996826171875e+02	2.490221405029296875e+02
1.772346191406250000e+02	1.748183288574218750e+02	2.602208251953125000e+02
1.984136810302734375e+02	1.699815826416015625e+02	1.833968658447265625e+02
2.517906951904296875e+02	2.607760314941406250e+02	2.677000732421875000e+02
1.498963928222656250e+02	2.579912719726562500e+02	2.576559448242187500e+02
2.341925506591796875e+02	2.152000274658203125e+02	2.654533081054687500e+02
2.721635131835937500e+02	1.893246459960937500e+02	2.513802490234375000e+02
1.693099517822265625e+02	2.719851379394531250e+02	2.534065856933593750e+02
2.665198974609375000e+02	2.690056457519531250e+02	2.628823242187500000e+02
2.704830932617187500e+02	2.717602233886718750e+02	2.414342041015625000e+02
1.749747161865234375e+02	2.618932189941406250e+02	2.683404541015625000e+02
2.600510864257812500e+02	2.495048370361328125e+02	2.655645141601562500e+02
1.590053558349609375e+02	2.712541809082031250e+02	2.678284606933593750e+02
2.367243194580078125e+02	2.737740783691406250e+02	2.447210693359375000e+02
2.483666076660156250e+02	2.682354125976562500e+02	2.493800354003906250e+02
1.221881103515625000e+02	2.685584106445312500e+02	2.611089477539062500e+02
2.495054931640625000e+02	2.701013488769531250e+02	2.654557495117187500e+02
2.588041381835937500e+02	2.481558380126953125e+02	2.421457519531250000e+02
2.694172058105468750e+02	2.616622009277343750e+02	2.419771728515625000e+02
2.638183593750000000e+02	2.248746643066406250e+02	2.414267120361328125e+02
1.967108917236328125e+02	2.836085510253906250e+02	2.590544433593750000e+02
1.527463531494140625e+02	2.367434997558593750e+02	2.517510223388671875e+02
2.523720397949218750e+02	2.690765075683593750e+02	2.603658142089843750e+02
1.698817443847656250e+02	2.486570281982421875e+02	2.390665588378906250e+02
1.502556304931640625e+02	2.661869812011718750e+02	2.586891479492187500e+02
2.098820343017578125e+02	2.524651336669921875e+02	2.554523925781250000e+02
2.500568542480468750e+02	2.474721221923828125e+02	2.556927490234375000e+02
2.506211395263671875e+02	2.529103698730468750e+02	2.550360107421875000e+02
2.273059997558593750e+02	2.632498168945312500e+02	2.680411071777343750e+02
1.888788299560546875e+02	2.399735870361328125e+02	2.693701782226562500e+02
2.418636169433593750e+02	1.633334350585937500e+02	2.393152313232421875e+02
2.348334655761718750e+02	2.646066284179687500e+02	2.703264770507812500e+02
2.411848449707031250e+02	2.560530700683593750e+02	2.753026733398437500e+02
2.527897949218750000e+02	2.649315185546875000e+02	2.536841278076171875e+02
2.530318603515625000e+02	2.596349487304687500e+02	2.657284240722656250e+02
1.090363922119140625e+02	2.622503051757812500e+02	2.533062438964843750e+02
2.315518035888671875e+02	2.603296813964843750e+02	2.527317352294921875e+02
1.227977066040039062e+02	2.186546936035156250e+02	2.294020996093750000e+02
2.012725677490234375e+02	2.570968627929687500e+02	2.509472198486328125e+02
4.120011138916015625e+01	2.480928649902343750e+02	2.638794250488281250e+02
2.450432586669921875e+02	2.593905639648437500e+02	2.764877319335937500e+02
2.500435485839843750e+02	2.614544067382812500e+02	2.686154785156250000e+02
2.511376190185546875e+02	2.692015075683593750e+02	2.679427490234375000e+02
2.241084747314453125e+02	2.733822937011718750e+02	2.665890502929687500e+02
2.517421417236328125e+02	2.530907287597656250e+02	2.768926086425781250e+02
1.785683593750000000e+02	2.735870666503906250e+02	2.636170043945312500e+02
2.295180664062500000e+02	2.635855102539062500e+02	2.263907165527343750e+02
2.278377227783203125e+02	2.613587951660156250e+02	2.361870422363281250e+02
1.609006347656250000e+02	2.542023010253906250e+02	2.686356201171875000e+02
9.244165039062500000e+01	2.665350341796875000e+02	2.707227172851562500e+02
2.095388946533203125e+02	2.759034118652343750e+02	2.677531738281250000e+02
2.385387420654296875e+02	2.327657165527343750e+02	2.688006286621093750e+02
2.343717041015625000e+02	2.297765197753906250e+02	2.335575866699218750e+02
2.559396266937255859e+00	2.802627563476562500e+02	2.794053039550781250e+02
2.274874725341796875e+02	2.530492248535156250e+02	2.717074890136718750e+02
2.421851501464843750e+02	2.766905212402343750e+02	2.732637634277343750e+02
2.373603515625000000e+02	1.878702850341796875e+02	2.227284240722656250e+02
2.203797302246093750e+02	2.360787811279296875e+02	2.655567016601562500e+02
2.389021911621093750e+02	2.124738464355468750e+02	2.595416870117187500e+02
2.584238891601562500e+02	2.144594726562500000e+02	2.597667846679687500e+02
2.547328338623046875e+02	2.691535644531250000e+02	2.720863037109375000e+02
2.549059143066406250e+02	2.381280212402343750e+02	2.822260131835937500e+02
2.487783660888671875e+02	2.605466918945312500e+02	2.680925903320312500e+02
2.445449218750000000e+02	1.884698333740234375e+02	2.765170593261718750e+02
2.330155944824218750e+02	2.280350799560546875e+02	2.541852264404296875e+02
1.735819549560546875e+02	2.463232879638671875e+02	2.572228088378906250e+02
1.529464416503906250e+02	2.235754089355468750e+02	2.705889282226562500e+02
2.588773193359375000e+02	2.223751220703125000e+02	2.910791015625000000e+02
2.176350555419921875e+02	2.349182586669921875e+02	2.589035034179687500e+02
2.075313262939453125e+02	2.494779815673828125e+02	2.657699584960937500e+02
2.381525878906250000e+02	2.219729766845703125e+02	2.303135986328125000e+02
2.445499725341796875e+02	2.007267913818359375e+02	2.632015686035156250e+02
2.052686004638671875e+02	2.573002319335937500e+02	2.728266601562500000e+02
2.278341369628906250e+02	1.712481384277343750e+02	2.313561706542968750e+02
2.149379577636718750e+02	1.482418212890625000e+02	2.621419982910156250e+02
2.321940155029296875e+02	2.080603027343750000e+02	2.223239440917968750e+02
2.637665100097656250e+02	9.761634063720703125e+01	2.314972839355468750e+02
9.008262634277343750e+01	1.416365661621093750e+02	2.878558044433593750e+02
2.608130493164062500e+02	2.569462585449218750e+02	2.579267578125000000e+02
2.184574737548828125e+02	2.524472198486328125e+02	2.643684082031250000e+02
2.712545776367187500e+02	2.746238403320312500e+02	2.345384216308593750e+02
2.808690185546875000e+02	2.370857696533203125e+02	2.789244079589843750e+02
2.632156066894531250e+02	2.760808105468750000e+02	2.752190856933593750e+02
2.049529266357421875e+02	2.614723510742187500e+02	2.583365173339843750e+02
2.477559814453125000e+02	2.623892517089843750e+02	2.568105468750000000e+02
2.233917999267578125e+02	2.831638488769531250e+02	2.762171325683593750e+02
2.408028106689453125e+02	2.585579833984375000e+02	1.628333282470703125e+01
2.726517028808593750e+02	1.945916290283203125e+02	2.057451629638671875e+02
2.616252441406250000e+02	2.738042297363281250e+02	2.348201904296875000e+02
2.612178344726562500e+02	2.296722869873046875e+02	2.758746032714843750e+02
2.150805969238281250e+02	2.241468811035156250e+02	2.430033721923828125e+02
2.452809295654296875e+02	2.519582824707031250e+02	2.784157409667968750e+02
1.887649536132812500e+02	2.567664794921875000e+02	2.580154418945312500e+02
1.683941955566406250e+02	2.333628234863281250e+02	2.417341766357421875e+02
2.252931213378906250e+02	2.265992889404296875e+02	2.359120330810546875e+02
1.963852081298828125e+02	2.379499511718750000e+02	2.521269073486328125e+02
2.436884460449218750e+02	2.576791076660156250e+02	2.686153259277343750e+02
2.511923522949218750e+02	2.609701538085937500e+02	2.670188598632812500e+02
9.081471252441406250e+01	2.553256072998046875e+02	2.429801330566406250e+02
2.614261169433593750e+02	2.392949218750000000e+02	2.384871826171875000e+02
2.489875946044921875e+02	1.985812072753906250e+02	2.702340698242187500e+02
2.616832275390625000e+02	2.659060668945312500e+02	2.777857666015625000e+02
2.526310577392578125e+02	1.462625427246093750e+02	2.593316650390625000e+02
2.496993865966796875e+02	2.311310729980468750e+02	2.373732452392578125e+02
2.567661743164062500e+02	2.457301483154296875e+02	2.739826049804687500e+02
2.581774291992187500e+02	2.704705200195312500e+02	2.413809356689453125e+02
2.115493469238281250e+02	2.542071533203125000e+02	2.672518005371093750e+02
2.208419494628906250e+02	1.538579406738281250e+02	1.907872924804687500e+02
2.334837188720703125e+02	2.499966125488281250e+02	2.245364532470703125e+02
2.403877868652343750e+02	2.384288330078125000e+02	2.172968750000000000e+02
2.491914520263671875e+02	2.390980682373046875e+02	2.432038574218750000e+02
2.366551818847656250e+02	2.716366271972656250e+02	2.603453063964843750e+02
2.441643981933593750e+02	2.296358337402343750e+02	2.750799865722656250e+02
2.265391845703125000e+02	2.557583007812500000e+02	2.695851135253906250e+02
2.293368377685546875e+02	2.588634643554687500e+02	2.717791442871093750e+02
1.834752807617187500e+02	1.701486968994140625e+02	2.635997924804687500e+02
2.458260192871093750e+02	2.247993164062500000e+02	2.751428222656250000e+02
2.485514678955078125e+02	2.673863525390625000e+02	2.682431945800781250e+02
2.072610321044921875e+02	2.731325073242187500e+02	2.822959289550781250e+02
2.427505187988281250e+02	2.536563415527343750e+02	2.812560729980468750e+02
2.441366424560546875e+02	2.267726593017578125e+02	2.705419921875000000e+02
2.567778930664062500e+02	2.720223999023437500e+02	2.786098022460937500e+02
2.135994110107421875e+02	2.507922668457031250e+02	2.646140136718750000e+02
2.383572692871093750e+02	2.050996398925781250e+02	2.679298400878906250e+02
2.537553253173828125e+02	2.647491455078125000e+02	2.721865844726562500e+02
2.280465545654296875e+02	2.758886413574218750e+02	2.730731811523437500e+02
2.561481018066406250e+02	2.789794921875000000e+02	2.677196350097656250e+02
2.517962341308593750e+02	2.800014038085937500e+02	2.677173461914062500e+02
2.526757507324218750e+02	2.582856750488281250e+02	2.510937805175781250e+02
2.592038574218750000e+02	2.704566040039062500e+02	2.692896423339843750e+02
2.648018188476562500e+02	2.707896118164062500e+02	2.253869628906250000e+02
2.108681335449218750e+02	2.700686035156250000e+02	2.692041625976562500e+02
2.720509643554687500e+02	2.850571899414062500e+02	2.830704650878906250e+02
2.459730987548828125e+02	2.846917724609375000e+02	2.709783325195312500e+02
2.596033935546875000e+02	2.648108520507812500e+02	2.714414367675781250e+02
2.679279479980468750e+02	2.752666625976562500e+02	2.743212280273437500e+02
2.630664672851562500e+02	2.821477966308593750e+02	2.432943420410156250e+02
2.757303161621093750e+02	2.848872680664062500e+02	2.815248413085937500e+02
2.732018432617187500e+02	2.863914184570312500e+02	2.701454467773437500e+02
2.457058868408203125e+02	2.546247253417968750e+02	2.708832397460937500e+02
2.474531250000000000e+02	2.770142517089843750e+02	2.469816589355468750e+02
2.647969665527343750e+02	2.776370849609375000e+02	2.126026306152343750e+02
2.254560089111328125e+02	2.903194580078125000e+02	2.117563018798828125e+02
2.609060668945312500e+02	2.796871032714843750e+02	2.673941040039062500e+02
2.648425292968750000e+02	2.856268005371093750e+02	2.610785522460937500e+02
2.208231658935546875e+02	2.644215698242187500e+02	1.803616790771484375e+02
2.555891418457031250e+02	2.422090759277343750e+02	2.437309875488281250e+02
2.730786743164062500e+02	2.632232666015625000e+02	2.795708618164062500e+02
2.528122253417968750e+02	2.182284851074218750e+02	2.818574829101562500e+02
2.581544799804687500e+02	2.780912475585937500e+02	2.887052612304687500e+02
1.939775390625000000e+02	2.274430847167968750e+02	2.683156738281250000e+02
2.449508819580078125e+02	2.677940673828125000e+02	1.120531997680664062e+02
2.622559509277343750e+02	2.237337341308593750e+02	2.527706756591796875e+02
2.534466247558593750e+02	2.182862091064453125e+02	2.713447265625000000e+02
2.475696563720703125e+02	2.466318664550781250e+02	2.706845092773437500e+02
2.599305419921875000e+02	2.814614868164062500e+02	2.803045043945312500e+02
2.582844848632812500e+02	2.640384826660156250e+02	2.531697235107421875e+02
2.599684448242187500e+02	2.321282196044921875e+02	2.683347778320312500e+02
2.299219055175781250e+02	2.606126098632812500e+02	2.675319213867187500e+02
2.645783996582031250e+02	2.725505981445312500e+02	2.779593811035156250e+02
2.596150512695312500e+02	2.592428588867187500e+02	2.102559051513671875e+02
1.681407928466796875e+02	2.321188659667968750e+02	2.675057373046875000e+02
2.206002502441406250e+02	1.508300018310546875e+02	2.596374511718750000e+02
2.289318389892578125e+02	2.747221679687500000e+02	2.797565002441406250e+02
2.384355926513671875e+02	2.479358215332031250e+02	2.794384155273437500e+02
2.407100372314453125e+02	2.112924804687500000e+02	2.681050415039062500e+02
2.037675933837890625e+02	2.214819793701171875e+02	2.409491271972656250e+02
2.704648742675781250e+02	2.524122772216796875e+02	2.832123413085937500e+02
2.340758514404296875e+02	2.489213104248046875e+02	2.677972717285156250e+02
2.714628295898437500e+02	2.541308135986328125e+02	2.720805053710937500e+02
2.698811645507812500e+02	2.554037170410156250e+02	2.811635742187500000e+02
2.516791076660156250e+02	1.779072418212890625e+02	2.750143127441406250e+02
2.552624053955078125e+02	2.296291046142578125e+02	2.759413146972656250e+02
2.636175537109375000e+02	2.342937927246093750e+02	2.698598937988281250e+02
2.580380859375000000e+02	2.319185333251953125e+02	2.622449340820312500e+02
2.708276367187500000e+02	2.663278198242187500e+02	2.798867797851562500e+02
2.708909301757812500e+02	2.392585144042968750e+02	2.744168090820312500e+02
2.418979949951171875e+02	2.237373962402343750e+02	2.547338867187500000e+02
2.741389465332031250e+02	2.394217834472656250e+02	2.725311889648437500e+02
2.740680541992187500e+02	2.716034851074218750e+02	2.082984924316406250e+02
2.538894958496093750e+02	2.741638488769531250e+02	2.693606567382812500e+02
2.782174377441406250e+02	2.742765502929687500e+02	2.873877563476562500e+02
2.725016784667968750e+02	2.715060119628906250e+02	2.116485290527343750e+02
1.390472106933593750e+02	2.718561401367187500e+02	2.758980102539062500e+02
2.764805603027343750e+02	2.831125488281250000e+02	2.857578735351562500e+02
2.310196838378906250e+02	2.234060974121093750e+02	2.764423217773437500e+02
2.557315368652343750e+02	1.668999786376953125e+02	2.695169067382812500e+02
2.688495483398437500e+02	1.960657501220703125e+02	1.543302459716796875e+02
2.677753295898437500e+02	9.013385009765625000e+01	2.409212951660156250e+02
2.558119659423828125e+02	2.452210693359375000e+02	-2.025473327636718750e+02
2.599864807128906250e+02	2.163405456542968750e+02	1.659652557373046875e+02
2.781952209472656250e+02	1.138573989868164062e+02	1.957752685546875000e+02
2.613038635253906250e+02	2.612677612304687500e+02	2.657305603027343750e+02
2.593791809082031250e+02	1.968658752441406250e+02	2.384588165283203125e+02
2.772753906250000000e+02	1.117997283935546875e+02	2.772854919433593750e+02
2.354130859375000000e+02	1.018058700561523438e+02	2.401385803222656250e+02
2.426582031250000000e+02	2.294772491455078125e+02	-6.333078765869140625e+01
2.654152526855468750e+02	2.679872436523437500e+02	-2.929886474609375000e+02
2.729222412109375000e+02	2.616351928710937500e+02	-1.972001037597656250e+02
2.725874633789062500e+02	2.771932067871093750e+02	-5.565623092651367188e+01
2.694859008789062500e+02	2.789368286132812500e+02	6.489102935791015625e+01
2.750126342773437500e+02	2.741612854003906250e+02	1.116846542358398438e+02
2.234235076904296875e+02	2.770914916992187500e+02	2.642340698242187500e+02
2.165678253173828125e+02	2.164305114746093750e+02	5.056256484985351562e+01
2.726643066406250000e+02	2.811823425292968750e+02	5.367325973510742188e+01
2.451082763671875000e+02	2.713122863769531250e+02	2.328123016357421875e+02
2.766112670898437500e+02	2.523606262207031250e+02	2.643001098632812500e+02
2.610352783203125000e+02	2.123599548339843750e+02	2.341512756347656250e+02
2.643722534179687500e+02	2.581625976562500000e+02	2.296788635253906250e+02
2.756022949218750000e+02	2.799273681640625000e+02	2.702661132812500000e+02
2.651323242187500000e+02	2.070014953613281250e+02	2.593006591796875000e+02
2.753817443847656250e+02	1.967145690917968750e+02	2.709505004882812500e+02
2.714297790527343750e+02	2.393206481933593750e+02	2.286062469482421875e+02
2.727552490234375000e+02	2.536873474121093750e+02	1.182731704711914062e+02
2.675998535156250000e+02	2.142351379394531250e+02	2.463367004394531250e+02
2.668799438476562500e+02	2.306073760986328125e+02	2.463836975097656250e+02
2.717047119140625000e+02	2.690861206054687500e+02	3.776201248168945312e+01
2.853753662109375000e+02	2.068549346923828125e+02	2.023182220458984375e+02
2.770863647460937500e+02	2.107451629638671875e+02	1.418552398681640625e+02
2.619987182617187500e+02	2.490648956298828125e+02	1.944435424804687500e+02
2.677813110351562500e+02	2.396149139404296875e+02	-3.151537475585937500e+02
2.788159179687500000e+02	2.206568908691406250e+02	2.604672851562500000e+02
2.774570922851562500e+02	2.723104553222656250e+02	-1.352837982177734375e+02
2.685093383789062500e+02	2.559584960937500000e+02	5.082816696166992188e+01
2.743216247558593750e+02	2.461531219482421875e+02	6.837029933929443359e+00
2.741554565429687500e+02	2.720953979492187500e+02	-1.810863342285156250e+02
2.422483367919921875e+02	2.371514892578125000e+02	1.280439300537109375e+02
2.523397674560546875e+02	1.855916137695312500e+02	2.198515930175781250e+02
2.648108825683593750e+02	2.271851348876953125e+02	2.342101593017578125e+02
2.654745178222656250e+02	2.246317138671875000e+02	2.046758575439453125e+02
2.701316223144531250e+02	2.680333862304687500e+02	2.672157592773437500e+02
2.561173095703125000e+02	2.472682800292968750e+02	2.632495117187500000e+02
2.619140014648437500e+02	2.771103515625000000e+02	2.602293090820312500e+02
2.711781005859375000e+02	2.576560363769531250e+02	2.648456115722656250e+02
2.732234497070312500e+02	2.763198852539062500e+02	2.616555786132812500e+02
2.747225952148437500e+02	2.694589843750000000e+02	2.568805541992187500e+02
2.739353637695312500e+02	2.696957397460937500e+02	2.668198852539062500e+02
2.532447509765625000e+02	2.470278625488281250e+02	2.511233215332031250e+02
2.282750701904296875e+02	2.611633911132812500e+02	2.547232360839843750e+02
2.811519165039062500e+02	2.659578857421875000e+02	2.668562316894531250e+02
2.452172851562500000e+02	2.481429901123046875e+02	2.053864440917968750e+02
2.412218475341796875e+02	2.479759521484375000e+02	2.564868469238281250e+02
2.821651306152343750e+02	2.738444213867187500e+02	2.634533996582031250e+02
2.791653442382812500e+02	2.346163330078125000e+02	2.582595214843750000e+02
2.791752624511718750e+02	2.324537811279296875e+02	2.749641418457031250e+02
2.664885864257812500e+02	2.162519836425781250e+02	2.657831420898437500e+02
2.756450500488281250e+02	2.092055206298828125e+02	2.593600463867187500e+02
2.701913452148437500e+02	2.619831542968750000e+02	2.708299255371093750e+02
2.656242675781250000e+02	1.440317687988281250e+02	2.713676452636718750e+02
2.496338195800781250e+02	2.468052673339843750e+02	2.640039672851562500e+02
2.756573486328125000e+02	1.521205444335937500e+02	2.468469543457031250e+02
2.810698242187500000e+02	2.118053894042968750e+02	2.797202758789062500e+02
2.820324707031250000e+02	2.364844665527343750e+02	2.738953247070312500e+02
2.703081970214843750e+02	1.491841583251953125e+02	2.433273010253906250e+02
2.199333190917968750e+02	2.159938964843750000e+02	2.589862976074218750e+02
2.069121093750000000e+02	2.813234252929687500e+02	2.661418762207031250e+02
2.760708007812500000e+02	2.677283630371093750e+02	2.639664916992187500e+02
2.723671569824218750e+02	2.584723205566406250e+02	2.674008178710937500e+02
2.849282836914062500e+02	2.680353698730468750e+02	2.798261718750000000e+02
2.781870117187500000e+02	2.344992218017578125e+02	2.516029357910156250e+02
2.926187744140625000e+02	2.483610839843750000e+02	2.751005249023437500e+02
2.660605773925781250e+02	2.342278137207031250e+02	2.256303710937500000e+02
2.786210327148437500e+02	2.758648681640625000e+02	2.388513488769531250e+02
2.449193420410156250e+02	2.700050659179687500e+02	2.362693328857421875e+02
2.664533386230468750e+02	2.805826416015625000e+02	6.318256378173828125e+01
2.664311523437500000e+02	2.280476074218750000e+02	2.613269653320312500e+02
2.618310852050781250e+02	2.353397979736328125e+02	2.451510772705078125e+02
2.364079132080078125e+02	2.738231201171875000e+02	2.668336791992187500e+02
2.594035034179687500e+02	2.696175231933593750e+02	2.487189025878906250e+02
2.675613403320312500e+02	2.637642517089843750e+02	2.382354736328125000e+02
2.748677368164062500e+02	2.744951782226562500e+02	2.723192749023437500e+02
2.708244934082031250e+02	2.469357604980468750e+02	2.476278533935546875e+02
2.693038940429687500e+02	2.318518524169921875e+02	2.207804260253906250e+02
2.768466796875000000e+02	2.658274536132812500e+02	2.699224243164062500e+02
1.839682312011718750e+02	2.431440429687500000e+02	2.643414916992187500e+02
2.459965820312500000e+02	2.647661132812500000e+02	2.429679412841796875e+02
2.751543579101562500e+02	2.597196350097656250e+02	2.748454284667968750e+02
2.469253387451171875e+02	2.641688842773437500e+02	2.445420684814453125e+02
2.339333953857421875e+02	2.736463012695312500e+02	2.551192169189453125e+02
2.680544128417968750e+02	2.687010498046875000e+02	2.423919982910156250e+02
1.845659637451171875e+02	2.502729797363281250e+02	2.732811889648437500e+02
2.466175994873046875e+02	2.448677673339843750e+02	1.443690490722656250e+02
2.749951782226562500e+02	2.612227478027343750e+02	8.837561035156250000e+01
2.684003906250000000e+02	2.573270874023437500e+02	1.020721893310546875e+02
2.452969665527343750e+02	1.546729431152343750e+02	2.037349700927734375e+02
1.947652435302734375e+02	2.167954406738281250e+02	2.569596252441406250e+02
2.759332275390625000e+02	2.026938171386718750e+02	2.249449768066406250e+02
2.652481689453125000e+02	2.819379882812500000e+02	2.384035186767578125e+02
2.466793975830078125e+02	2.783313293457031250e+02	2.213309326171875000e+02
2.762054138183593750e+02	2.789057006835937500e+02	2.567919006347656250e+02
2.504013671875000000e+02	2.367581329345703125e+02	2.262557678222656250e+02
2.540303192138671875e+02	2.566553344726562500e+02	8.697271728515625000e+01
2.720480346679687500e+02	2.760129394531250000e+02	2.707369995117187500e+02
2.677318725585937500e+02	2.349272460937500000e+02	2.484071960449218750e+02
2.778493041992187500e+02	2.768551025390625000e+02	1.686625366210937500e+02
2.814973754882812500e+02	1.383151855468750000e+02	2.608594055175781250e+02
2.831703186035156250e+02	2.401856231689453125e+02	2.850327148437500000e+02
2.720510253906250000e+02	5.361560058593750000e+01	2.247313995361328125e+02
2.752994384765625000e+02	2.768649597167968750e+02	2.480265197753906250e+02
2.744863891601562500e+02	2.284381561279296875e+02	2.644983520507812500e+02
2.496468963623046875e+02	1.235239410400390625e+02	2.633889770507812500e+02
2.750121765136718750e+02	2.641979064941406250e+02	2.702367553710937500e+02
2.708054504394531250e+02	2.260298614501953125e+02	2.626969299316406250e+02
2.653803710937500000e+02	1.639902648925781250e+02	2.361707305908203125e+02
2.806282653808593750e+02	1.656958923339843750e+02	2.435867614746093750e+02
2.755826721191406250e+02	2.798079528808593750e+02	2.732138061523437500e+02
2.706964721679687500e+02	2.153443908691406250e+02	2.645910949707031250e+02
2.689684448242187500e+02	2.474331817626953125e+02	2.685106811523437500e+02
2.605895080566406250e+02	2.581593322753906250e+02	2.655926818847656250e+02
2.777236938476562500e+02	2.133660888671875000e+02	2.726111450195312500e+02
2.735961303710937500e+02	2.104439239501953125e+02	2.694902954101562500e+02
2.639232788085937500e+02	2.443713378906250000e+01	2.675786743164062500e+02
2.607814331054687500e+02	2.625642395019531250e+02	2.604531555175781250e+02
2.798095092773437500e+02	2.114777374267578125e+02	2.734427795410156250e+02
2.650377502441406250e+02	4.711631011962890625e+01	2.703020324707031250e+02
2.511855773925781250e+02	2.423404235839843750e+02	2.626672668457031250e+02
2.750679321289062500e+02	2.422237091064453125e+02	2.757777709960937500e+02
2.761787719726562500e+02	2.063522033691406250e+02	2.812154846191406250e+02
2.719678955078125000e+02	2.275490264892578125e+02	2.801075134277343750e+02
2.784647827148437500e+02	9.841889190673828125e+01	2.832850341796875000e+02
2.714837341308593750e+02	2.000342254638671875e+02	2.852957153320312500e+02
2.704167785644531250e+02	3.159820938110351562e+01	2.723497924804687500e+02
2.650137329101562500e+02	2.278981475830078125e+02	1.903916320800781250e+02
2.536778259277343750e+02	2.422545166015625000e+02	2.064877166748046875e+02
2.764545898437500000e+02	2.333860778808593750e+02	2.749992065429687500e+02
2.712659912109375000e+02	2.421338195800781250e+02	2.840215454101562500e+02
2.844631958007812500e+02	2.681465759277343750e+02	2.847577514648437500e+02
2.833502807617187500e+02	2.471526641845703125e+02	2.824172973632812500e+02
2.516004180908203125e+02	2.267273254394531250e+02	2.360272674560546875e+02
2.682447204589843750e+02	2.431885223388671875e+02	2.697055053710937500e+02
2.799395141601562500e+02	2.434764099121093750e+02	2.859366149902343750e+02
2.508367156982421875e+02	2.396316223144531250e+02	2.811907958984375000e+02
2.772641296386718750e+02	2.237206573486328125e+02	2.792977905273437500e+02
2.803633422851562500e+02	2.235812225341796875e+02	2.811105651855468750e+02
2.420803680419921875e+02	2.286240539550781250e+02	2.830303955078125000e+02
2.716023254394531250e+02	2.208434600830078125e+02	2.775553894042968750e+02
2.760870971679687500e+02	2.433105010986328125e+02	2.797451782226562500e+02
2.783297119140625000e+02	2.126313781738281250e+02	2.765924682617187500e+02
2.791633911132812500e+02	2.128757781982421875e+02	2.893097534179687500e+02
2.678150024414062500e+02	1.731897125244140625e+02	2.736025085449218750e+02
2.734039306640625000e+02	1.074182968139648438e+02	2.925059509277343750e+02
2.683816528320312500e+02	2.085526123046875000e+02	2.726439819335937500e+02
2.610227661132812500e+02	2.230568389892578125e+02	2.876620483398437500e+02
2.812042236328125000e+02	2.637078247070312500e+02	2.853557739257812500e+02
2.819617614746093750e+02	2.446348571777343750e+02	2.872117614746093750e+02
2.717398376464843750e+02	2.179799804687500000e+02	2.781525878906250000e+02
2.114745635986328125e+02	2.696231079101562500e+02	2.676853942871093750e+02
2.745526428222656250e+02	2.646198120117187500e+02	2.710790405273437500e+02
