-1.482363128662109375e+02
-8.199122924804687500e+02
-2.441433105468750000e+02
-9.797420501708984375e+01
-3.108647766113281250e+02
-2.451688995361328125e+02
-2.344407501220703125e+02
-7.687951660156250000e+02
-2.538767547607421875e+02
-1.921156921386718750e+02
-3.172898864746093750e+02
-2.480722351074218750e+02
-4.533368225097656250e+02
-3.928236694335937500e+02
-3.881887817382812500e+02
-7.929754028320312500e+02
-5.299503784179687500e+02
-2.150307312011718750e+02
-3.266335144042968750e+02
-3.685628967285156250e+02
-4.126549377441406250e+02
-1.649799041748046875e+02
-3.266418457031250000e+02
-2.873894653320312500e+02
-2.473371887207031250e+02
-2.785903930664062500e+02
-2.358591308593750000e+02
-3.733716125488281250e+02
-3.092005004882812500e+02
-2.388865203857421875e+02
-2.371464385986328125e+02
-2.273900146484375000e+02
-2.210804443359375000e+02
-1.803647613525390625e+02
-1.884071350097656250e+02
-2.456282653808593750e+02
-1.769316406250000000e+02
-2.303434600830078125e+02
-1.533176116943359375e+02
-1.856929931640625000e+02
-1.715540161132812500e+02
-1.763176574707031250e+02
-1.472153930664062500e+02
-2.202324981689453125e+02
-1.790115509033203125e+02
-1.744579925537109375e+02
-1.818847351074218750e+02
-2.117711639404296875e+02
-1.884201812744140625e+02
-2.177071228027343750e+02
-1.606416931152343750e+02
-1.580602264404296875e+02
-1.894160919189453125e+02
-1.357565460205078125e+02
-1.624297485351562500e+02
-1.720962371826171875e+02
-1.517169647216796875e+02
-1.769967041015625000e+02
-1.062097930908203125e+02
-9.049989318847656250e+01
-1.683749542236328125e+02
-5.385329437255859375e+01
-6.641047668457031250e+01
-5.845027923583984375e+01
-1.426768493652343750e+02
-1.357673950195312500e+02
-7.997444152832031250e+01
-9.683955383300781250e+01
-1.389489440917968750e+02
-1.950386047363281250e+02
-5.459553146362304688e+01
-1.315728912353515625e+02
-2.424440612792968750e+02
-1.050295181274414062e+02
-9.995600891113281250e+01
-2.434849853515625000e+02
-9.474319458007812500e+01
-8.260168457031250000e+01
-1.415353546142578125e+02
-8.254030609130859375e+01
-1.313407287597656250e+02
-9.255831909179687500e+01
-1.171599731445312500e+02
-6.330722045898437500e+01
-1.548735504150390625e+02
-8.042772674560546875e+01
-1.628416900634765625e+02
-1.207196502685546875e+02
-9.081581878662109375e+01
-1.893582611083984375e+02
-1.273481674194335938e+02
-1.317873992919921875e+02
-8.327574920654296875e+01
-1.720240783691406250e+02
-8.700746154785156250e+01
-1.111201629638671875e+02
-8.166276550292968750e+01
-1.033913574218750000e+02
-3.899595260620117188e+01
-1.170023422241210938e+02
-1.050146942138671875e+02
-5.836506271362304688e+01
-6.563523864746093750e+01
-1.148935089111328125e+02
-8.634645080566406250e+01
-7.174334716796875000e+01
-9.927302551269531250e+01
-4.792365646362304688e+01
-1.133457794189453125e+02
-7.076572418212890625e+01
-9.014831542968750000e+01
-1.011587371826171875e+02
-8.253739929199218750e+01
-7.813827514648437500e+01
-1.060598983764648438e+02
-9.666654205322265625e+01
-6.149378585815429688e+01
-9.261166381835937500e+01
-5.655556488037109375e+01
-1.179117202758789062e+02
-7.852816772460937500e+01
-9.797665405273437500e+01
-9.624794006347656250e+01
-9.101513671875000000e+01
-1.213972625732421875e+02
-7.634831237792968750e+01
-1.063219375610351562e+02
-1.198876800537109375e+02
-5.072789764404296875e+01
-1.260670928955078125e+02
-5.430220413208007812e+01
-1.060764389038085938e+02
-5.017180633544921875e+01
-7.877547454833984375e+01
-6.722342681884765625e+01
-6.636953735351562500e+01
-9.729824066162109375e+01
-4.259089660644531250e+01
-5.715901565551757812e+01
-9.321009826660156250e+01
-8.303018951416015625e+01
-4.389202499389648438e+01
-8.366078186035156250e+01
-9.119728088378906250e+01
-8.265632629394531250e+01
-8.685128784179687500e+01
-8.258406829833984375e+01
-9.414611816406250000e+01
-5.827905273437500000e+01
-7.078144836425781250e+01
-8.339003753662109375e+01
-5.615273284912109375e+01
-4.022982025146484375e+01
-6.518970489501953125e+01
-7.053926086425781250e+01
-6.093962478637695312e+01
-7.040616607666015625e+01
-7.323646545410156250e+01
-5.697484207153320312e+01
-4.491201019287109375e+01
-8.378599548339843750e+01
-1.377045726776123047e+01
-5.690461349487304688e+01
-1.865623283386230469e+01
-8.984558105468750000e+00
-4.845280838012695312e+01
-1.351070594787597656e+01
-1.329458141326904297e+01
-4.299177169799804688e+01
-5.197149658203125000e+01
-7.159353637695312500e+01
-1.864870071411132812e+01
-5.335580444335937500e+01
-6.270499420166015625e+01
-2.667655944824218750e-01
-5.605794525146484375e+01
-1.130672836303710938e+02
-2.687545204162597656e+01
-3.143236160278320312e+01
7.068004608154296875e+00
-3.427641677856445312e+01
-1.812360763549804688e+01
-6.934736633300781250e+01
-8.146334075927734375e+01
-6.429400634765625000e+01
-6.502806091308593750e+01
-4.222501754760742188e+01
-1.155223007202148438e+02
-6.658854675292968750e+01
-3.604418563842773438e+01
-6.100255203247070312e+01
-8.762622833251953125e+01
-1.674040031433105469e+01
-4.324314498901367188e+01
-3.432500457763671875e+01
-3.906877899169921875e+01
-3.569481658935546875e+01
-9.424999237060546875e+01
-2.917086791992187500e+01
-6.895463562011718750e+01
-3.847407531738281250e+01
-6.958818054199218750e+01
-3.059835433959960938e+01
-8.775965881347656250e+01
-7.852392578125000000e+01
-2.600258255004882812e+01
-5.488708496093750000e+01
-2.982003211975097656e+01
-3.849201583862304688e+01
-4.786117553710937500e+01
-2.210746383666992188e+01
-3.506185150146484375e+01
-3.972335433959960938e+01
-5.678065872192382812e+01
-3.773136520385742188e+01
-2.770392417907714844e+01
-1.776981735229492188e+01
-8.246656799316406250e+01
-2.311309242248535156e+01
-5.770117950439453125e+01
-6.559580993652343750e+01
-2.298565292358398438e+01
-4.122356796264648438e+01
-4.410251998901367188e+01
-6.899678802490234375e+01
-4.243326950073242188e+01
-2.552452659606933594e+01
-3.355959701538085938e+01
-4.066811752319335938e+01
-2.012740707397460938e+01
-3.480967330932617188e+01
-2.580961227416992188e+01
-6.548188018798828125e+01
-1.275786399841308594e+01
-2.506609535217285156e+01
-2.005256271362304688e+01
-6.385529708862304688e+01
-1.683440780639648438e+01
-3.290659332275390625e+01
-3.212748718261718750e+01
-5.320275115966796875e+01
-3.983567047119140625e+01
-4.948303222656250000e+01
6.889262199401855469e+00
-2.666382789611816406e+01
-3.393001556396484375e+01
-1.306144905090332031e+01
-5.573674774169921875e+01
-1.582892656326293945e+00
-1.102514076232910156e+01
-4.678367996215820312e+01
-3.681275177001953125e+01
-2.395088386535644531e+01
-1.100757789611816406e+01
-6.058274745941162109e+00
4.794687747955322266e+00
6.447405815124511719e+00
-1.165329456329345703e+01
1.187850475311279297e+01
-1.748973846435546875e+01
-3.912825012207031250e+01
2.430364990234375000e+01
6.652652740478515625e+01
-2.745863437652587891e+00
3.324484634399414062e+01
-2.961408042907714844e+01
6.531749725341796875e+01
-5.963851928710937500e+01
-5.700007247924804688e+01
-1.710480308532714844e+01
-1.134420680999755859e+01
-5.109268188476562500e+01
-1.165118598937988281e+01
-5.654985809326171875e+01
-8.090647125244140625e+01
1.296339702606201172e+01
-2.045889472961425781e+01
-1.629839515686035156e+01
-2.423000907897949219e+01
-3.807821655273437500e+01
-7.014385223388671875e+01
5.133550262451171875e+01
-4.665597152709960938e+01
9.068227767944335938e+00
-6.602796936035156250e+01
-5.846057128906250000e+01
-1.639756393432617188e+01
-3.731212615966796875e+01
-1.551530742645263672e+01
7.982002258300781250e+01
-2.033239746093750000e+01
-1.384519219398498535e+00
-7.016403961181640625e+01
3.556402206420898438e+01
-2.005542564392089844e+01
3.691271591186523438e+01
-2.763190650939941406e+01
6.490799713134765625e+01
9.774178314208984375e+01
1.353601989746093750e+02
1.257727050781250000e+02
1.300023651123046875e+02
7.074716091156005859e+00
1.185737762451171875e+02
5.876653289794921875e+01
9.021378326416015625e+01
1.376144104003906250e+02
2.839932823181152344e+01
1.836749420166015625e+02
1.779397277832031250e+02
9.385465240478515625e+01
1.474224700927734375e+02
2.165845642089843750e+02
5.235951995849609375e+01
1.837349548339843750e+02
-1.086928482055664062e+02
1.447386932373046875e+02
1.401517028808593750e+02
7.009177398681640625e+01
3.090816879272460938e+01
8.589573669433593750e+01
7.726203155517578125e+01
3.356519699096679688e+01
7.866207885742187500e+01
2.543450355529785156e+01
3.213552856445312500e+01
1.623496055603027344e+01
-2.472386550903320312e+01
1.743777313232421875e+02
9.733222961425781250e+01
2.513768005371093750e+01
1.568000488281250000e+02
-5.820799350738525391e+00
6.995979309082031250e+01
-1.551830749511718750e+02
2.113314437866210938e+01
5.833449554443359375e+01
1.490163421630859375e+02
1.239282379150390625e+02
1.866296691894531250e+02
1.255360565185546875e+02
2.297843933105468750e+02
2.063009948730468750e+02
1.700613098144531250e+02
1.962748413085937500e+02
2.122317810058593750e+02
1.279997406005859375e+02
2.237834014892578125e+02
1.392953948974609375e+02
1.242032699584960938e+02
1.145090560913085938e+02
1.153384170532226562e+02
2.254901428222656250e+02
1.238797836303710938e+02
1.336392669677734375e+02
1.595501098632812500e+02
7.754254150390625000e+01
2.403694610595703125e+02
2.076016540527343750e+02
1.239417724609375000e+02
2.013291168212890625e+02
1.393606262207031250e+02
2.415727996826171875e+02
2.271696777343750000e+02
2.448224182128906250e+02
2.468226318359375000e+02
1.948352355957031250e+02
9.652732849121093750e+01
2.251543884277343750e+02
2.444165496826171875e+02
2.396779479980468750e+02
2.109170837402343750e+02
1.806134948730468750e+02
1.948978271484375000e+02
1.642938232421875000e+02
1.978121948242187500e+02
2.278016815185546875e+02
2.335841369628906250e+02
1.186744003295898438e+02
1.681391601562500000e+02
2.349170379638671875e+02
1.465579071044921875e+02
9.447157287597656250e+01
1.984355316162109375e+02
2.203421325683593750e+02
1.969696807861328125e+02
2.434388122558593750e+02
7.878418731689453125e+01
5.259355545043945312e+01
-1.094984359741210938e+02
1.283542327880859375e+02
2.004792785644531250e+02
2.213849639892578125e+02
2.682392272949218750e+02
2.224169921875000000e+02
2.045707855224609375e+02
2.543273620605468750e+02
2.541794891357421875e+02
1.543064880371093750e+02
2.383004455566406250e+02
1.828040924072265625e+02
-3.537802505493164062e+01
1.758777770996093750e+02
2.198667297363281250e+02
2.383684082031250000e+02
2.449201660156250000e+02
2.564884033203125000e+02
2.514661102294921875e+02
2.579392700195312500e+02
2.102430419921875000e+02
2.065235900878906250e+02
2.292154541015625000e+02
2.593131408691406250e+02
2.468137664794921875e+02
1.909099578857421875e+02
2.692306518554687500e+02
1.925336151123046875e+02
2.645008239746093750e+02
2.200274963378906250e+02
2.427916259765625000e+02
2.284671325683593750e+02
2.559152832031250000e+02
2.510992889404296875e+02
2.599813537597656250e+02
2.199290313720703125e+02
2.498359375000000000e+02
2.225585479736328125e+02
2.496953887939453125e+02
2.566984252929687500e+02
2.553018341064453125e+02
1.588096771240234375e+02
2.061141662597656250e+02
2.141065216064453125e+02
2.685141601562500000e+02
2.659907836914062500e+02
2.615284118652343750e+02
2.597891540527343750e+02
2.377481231689453125e+02
2.163239288330078125e+02
2.659199829101562500e+02
2.645405273437500000e+02
2.676928100585937500e+02
2.200500183105468750e+02
2.662983703613281250e+02
2.577929077148437500e+02
2.645696716308593750e+02
2.296879119873046875e+02
2.590323791503906250e+02
2.663283081054687500e+02
2.288607635498046875e+02
1.339039764404296875e+02
2.446058654785156250e+02
2.031745605468750000e+02
2.375386199951171875e+02
2.607451782226562500e+02
2.554372253417968750e+02
2.635856323242187500e+02
2.430719909667968750e+02
1.903017272949218750e+02
2.252072753906250000e+02
2.478948211669921875e+02
2.077297058105468750e+02
1.935531005859375000e+02
2.469996337890625000e+02
2.410942840576171875e+02
1.627737121582031250e+02
2.610285034179687500e+02
2.085541076660156250e+02
2.391186065673828125e+02
2.642564392089843750e+02
2.186158447265625000e+02
2.039458312988281250e+02
2.651537475585937500e+02
1.172803344726562500e+02
1.979596557617187500e+02
2.288384552001953125e+02
2.361843566894531250e+02
1.966013793945312500e+02
2.595661010742187500e+02
2.687972106933593750e+02
2.414900360107421875e+02
1.145868530273437500e+02
2.254323730468750000e+02
2.498156738281250000e+02
2.279374084472656250e+02
2.619144897460937500e+02
2.461730194091796875e+02
2.138681640625000000e+02
2.616882019042968750e+02
2.418190460205078125e+02
2.646516113281250000e+02
2.574384155273437500e+02
2.588870239257812500e+02
2.746169738769531250e+02
2.698960571289062500e+02
2.456129455566406250e+02
1.756412353515625000e+02
2.606359558105468750e+02
2.526502685546875000e+02
2.180544738769531250e+02
2.545987854003906250e+02
2.005356903076171875e+02
2.472073211669921875e+02
2.426814422607421875e+02
2.567889099121093750e+02
2.089897155761718750e+02
2.534048156738281250e+02
2.617013549804687500e+02
2.454069061279296875e+02
2.517600402832031250e+02
2.704321594238281250e+02
2.809854736328125000e+02
2.651470336914062500e+02
2.701475524902343750e+02
2.761226501464843750e+02
2.623000793457031250e+02
2.541396484375000000e+02
2.603851623535156250e+02
2.718284301757812500e+02
2.550588378906250000e+02
2.193473205566406250e+02
2.847892456054687500e+02
2.594557495117187500e+02
2.750887756347656250e+02
2.681834716796875000e+02
2.706347961425781250e+02
2.773792114257812500e+02
2.760657348632812500e+02
2.682889709472656250e+02
2.697911376953125000e+02
2.901040649414062500e+02
2.725598754882812500e+02
2.756015930175781250e+02
2.025118865966796875e+02
1.233817596435546875e+02
2.710644226074218750e+02
1.233509902954101562e+02
2.247235565185546875e+02
1.379446563720703125e+02
1.266627655029296875e+02
1.399187774658203125e+02
2.378081512451171875e+02
2.855242919921875000e+02
2.920436706542968750e+02
2.419918212890625000e+02
2.652498168945312500e+02
2.597966918945312500e+02
2.488683624267578125e+02
2.722628784179687500e+02
2.737572326660156250e+02
2.765363159179687500e+02
2.660055541992187500e+02
1.649286193847656250e+02
2.761021423339843750e+02
2.537343292236328125e+02
2.276493835449218750e+02
2.667200317382812500e+02
2.766340332031250000e+02
2.238040771484375000e+02
2.677375488281250000e+02
2.597807922363281250e+02
2.846734008789062500e+02
2.821228332519531250e+02
2.807625122070312500e+02
2.779880981445312500e+02
2.570064086914062500e+02
2.709861450195312500e+02
2.793915100097656250e+02
2.678253784179687500e+02
2.813921813964843750e+02
2.769570007324218750e+02
2.882578735351562500e+02
2.893931274414062500e+02
2.754917907714843750e+02
2.606843872070312500e+02
2.760028076171875000e+02
2.841838378906250000e+02
2.859268798828125000e+02
2.737067260742187500e+02
2.772788391113281250e+02
2.675460510253906250e+02
2.684462280273437500e+02
1.637598571777343750e+02
2.619963989257812500e+02
2.893286132812500000e+02
2.700288696289062500e+02
2.641113891601562500e+02
2.806463623046875000e+02
2.692776489257812500e+02
2.893530273437500000e+02
2.745697631835937500e+02
2.720875244140625000e+02
2.544967041015625000e+02
2.720610961914062500e+02
2.622594604492187500e+02
2.503304901123046875e+02
2.722651977539062500e+02
2.538983612060546875e+02
1.919527893066406250e+02
2.615469970703125000e+02
2.452015075683593750e+02
2.349948730468750000e+02
2.595666809082031250e+02
1.526629180908203125e+02
2.662689819335937500e+02
2.539274139404296875e+02
2.702975463867187500e+02
2.597435302734375000e+02
2.834159545898437500e+02
2.724543151855468750e+02
2.749423522949218750e+02
2.764462585449218750e+02
2.735257873535156250e+02
2.819082946777343750e+02
2.877496948242187500e+02
2.494424285888671875e+02
2.466564636230468750e+02
2.692525634765625000e+02
2.797161560058593750e+02
2.774591979980468750e+02
2.593106079101562500e+02
2.210630187988281250e+02
2.535225524902343750e+02
2.844042663574218750e+02
2.506267852783203125e+02
2.646553039550781250e+02
2.834843444824218750e+02
2.745872497558593750e+02
2.741959533691406250e+02
2.683464965820312500e+02
2.665606079101562500e+02
2.411222686767578125e+02
2.655383605957031250e+02
2.723493652343750000e+02
2.494835205078125000e+02
2.807034301757812500e+02
2.535376739501953125e+02
2.631913757324218750e+02
2.732796630859375000e+02
2.703297729492187500e+02
1.627115478515625000e+02
2.796827392578125000e+02
2.579255676269531250e+02
2.646198120117187500e+02
2.725572814941406250e+02
2.555957489013671875e+02
2.725651855468750000e+02
2.574744262695312500e+02
2.646979064941406250e+02
2.742815246582031250e+02
2.788895874023437500e+02
2.497857360839843750e+02
2.695780639648437500e+02
2.405169677734375000e+02
2.672787170410156250e+02
2.121058807373046875e+02
2.739736022949218750e+02
2.773533325195312500e+02
2.636225280761718750e+02
2.306728210449218750e+02
2.664042053222656250e+02
2.717527770996093750e+02
2.783434143066406250e+02
2.692880249023437500e+02
2.765899963378906250e+02
2.656887207031250000e+02
2.649098205566406250e+02
2.634891052246093750e+02
2.542782897949218750e+02
2.758280639648437500e+02
2.762993469238281250e+02
2.540447235107421875e+02
2.840400695800781250e+02
1.589077301025390625e+02
2.816077270507812500e+02
2.732878112792968750e+02
2.672576293945312500e+02
2.603110351562500000e+02
2.757145385742187500e+02
2.697998657226562500e+02
2.749424438476562500e+02
2.537432861328125000e+02
2.719786987304687500e+02
2.735979309082031250e+02
2.509458923339843750e+02
2.818225402832031250e+02
2.868360900878906250e+02
2.783009338378906250e+02
1.921080017089843750e+02
2.761581115722656250e+02
2.161680450439453125e+02
2.443662872314453125e+02
2.226471862792968750e+02
1.868746643066406250e+02
2.061444396972656250e+02
2.497082519531250000e+02
2.620682373046875000e+02
2.691289367675781250e+02
2.650127868652343750e+02
2.716776123046875000e+02
2.607593994140625000e+02
2.677069702148437500e+02
2.352181396484375000e+02
2.901804504394531250e+02
2.504909973144531250e+02
2.682876281738281250e+02
2.769601440429687500e+02
2.839705200195312500e+02
2.853248901367187500e+02
2.843977661132812500e+02
2.614632568359375000e+02
1.973247528076171875e+02
2.781295471191406250e+02
2.945910339355468750e+02
2.791610107421875000e+02
2.829965209960937500e+02
2.727115173339843750e+02
2.578338928222656250e+02
1.955192260742187500e+02
2.759603576660156250e+02
1.741972656250000000e+02
2.667904968261718750e+02
6.395485687255859375e+01
2.498673095703125000e+02
1.268912353515625000e+02
-2.809415817260742188e+01
-7.161958312988281250e+01
1.767427673339843750e+02
2.512733154296875000e+02
2.577897033691406250e+02
1.280603027343750000e+02
8.892057800292968750e+01
2.083843231201171875e+02
1.543208770751953125e+02
1.706950836181640625e+02
-2.538800811767578125e+02
-2.339324645996093750e+02
-1.172157821655273438e+02
9.303672790527343750e+01
9.794325828552246094e+00
-1.147649154663085938e+02
-2.057988281250000000e+02
1.875601654052734375e+02
2.216639862060546875e+02
1.783301086425781250e+02
2.278912658691406250e+02
6.903677368164062500e+01
2.635500488281250000e+02
7.871696472167968750e+00
2.528703918457031250e+02
2.288420410156250000e+02
2.207348175048828125e+02
2.297949218750000000e+02
1.887674102783203125e+02
9.309007263183593750e+01
1.597732696533203125e+02
-3.495599746704101562e+01
6.197123336791992188e+01
6.539479827880859375e+01
-3.832028150558471680e+00
1.576665802001953125e+02
1.932771453857421875e+02
-2.719479942321777344e+01
1.286540069580078125e+02
-4.141806793212890625e+01
2.223601837158203125e+02
1.780765380859375000e+02
1.305963134765625000e+02
2.382560729980468750e+02
2.026453552246093750e+02
2.008019866943359375e+02
1.239792022705078125e+02
-9.137222290039062500e+00
-7.896055698394775391e+00
-6.565168762207031250e+01
-6.265724945068359375e+01
-1.671437501907348633e+00
9.669477081298828125e+01
2.027101898193359375e+02
1.236432838439941406e+01
1.824847793579101562e+01
-7.577358245849609375e+00
-4.605564117431640625e+01
-9.156342315673828125e+01
-5.143745040893554688e+01
-1.252315044403076172e+01
-8.505990600585937500e+01
-1.749018669128417969e+01
-2.067821884155273438e+01
2.781449508666992188e+01
-3.551834106445312500e+01
-3.153333663940429688e+01
-2.996824645996093750e+01
-7.639830112457275391e+00
5.803616046905517578e+00
-1.987114334106445312e+01
4.336636352539062500e+01
-2.565948963165283203e+00
6.018787384033203125e+01
-1.651290953159332275e-01
8.836682128906250000e+01
-1.606669998168945312e+01
-2.315821075439453125e+01
4.394398212432861328e+00
1.047913055419921875e+02
-4.940005779266357422e+00
2.306118164062500000e+02
-6.921681880950927734e+00
1.477465534210205078e+01
1.669856109619140625e+02
-1.315955352783203125e+01
1.513179302215576172e+01
3.153979539871215820e+00
-2.657511329650878906e+01
2.877865314483642578e+00
-5.768225097656250000e+01
2.987293052673339844e+01
1.870377159118652344e+01
9.201507568359375000e+00
-6.587148284912109375e+01
-1.171289348602294922e+01
8.112438201904296875e+01
-4.031673371791839600e-01
4.160613059997558594e+00
5.853833007812500000e+01
4.460701465606689453e+00
-3.187500381469726562e+01
1.645653991699218750e+02
-9.777743339538574219e+00
-1.328800678253173828e+01
1.565307922363281250e+02
4.144992446899414062e+01
1.293636627197265625e+02
1.610283508300781250e+02
8.056394577026367188e+00
1.239067535400390625e+02
1.883374481201171875e+02
2.132986297607421875e+02
1.666729736328125000e+02
2.036921386718750000e+02
2.139974670410156250e+02
8.822515487670898438e+00
8.791533660888671875e+01
2.134012756347656250e+02
4.670129394531250000e+01
1.993295745849609375e+02
1.666136627197265625e+02
1.747439727783203125e+02
2.079437713623046875e+02
1.809231262207031250e+02
2.300415802001953125e+02
2.173365020751953125e+02
2.354938659667968750e+02
2.310464630126953125e+02
2.310266418457031250e+02
2.343918914794921875e+02
2.290218505859375000e+02
2.461248321533203125e+02
2.528465576171875000e+02
2.327873992919921875e+02
2.599012451171875000e+02
2.037276611328125000e+02
2.347218017578125000e+02
2.335879211425781250e+02
1.751687316894531250e+02
2.485545654296875000e+02
2.466051788330078125e+02
2.288402404785156250e+02
2.446426239013671875e+02
2.339160156250000000e+02
2.526625213623046875e+02
2.196046600341796875e+02
2.041628417968750000e+02
1.675763092041015625e+02
2.217877197265625000e+02
1.971855163574218750e+02
2.114364776611328125e+02
2.167436981201171875e+02
2.369327392578125000e+02
2.490221405029296875e+02
2.602208251953125000e+02
1.833968658447265625e+02
2.677000732421875000e+02
2.576559448242187500e+02
2.654533081054687500e+02
2.513802490234375000e+02
2.534065856933593750e+02
2.628823242187500000e+02
2.414342041015625000e+02
2.683404541015625000e+02
2.655645141601562500e+02
2.678284606933593750e+02
2.447210693359375000e+02
2.493800354003906250e+02
2.611089477539062500e+02
2.654557495117187500e+02
2.421457519531250000e+02
2.419771728515625000e+02
2.414267120361328125e+02
2.590544433593750000e+02
2.517510223388671875e+02
2.603658142089843750e+02
2.390665588378906250e+02
2.586891479492187500e+02
2.554523925781250000e+02
2.556927490234375000e+02
2.550360107421875000e+02
2.680411071777343750e+02
2.693701782226562500e+02
2.393152313232421875e+02
2.703264770507812500e+02
2.753026733398437500e+02
2.536841278076171875e+02
2.657284240722656250e+02
2.533062438964843750e+02
2.527317352294921875e+02
2.294020996093750000e+02
2.509472198486328125e+02
2.638794250488281250e+02
2.764877319335937500e+02
2.686154785156250000e+02
2.679427490234375000e+02
2.665890502929687500e+02
2.768926086425781250e+02
2.636170043945312500e+02
2.263907165527343750e+02
2.361870422363281250e+02
2.686356201171875000e+02
2.707227172851562500e+02
2.677531738281250000e+02
2.688006286621093750e+02
2.335575866699218750e+02
2.794053039550781250e+02
2.717074890136718750e+02
2.732637634277343750e+02
2.227284240722656250e+02
2.655567016601562500e+02
2.595416870117187500e+02
2.597667846679687500e+02
2.720863037109375000e+02
2.822260131835937500e+02
2.680925903320312500e+02
2.765170593261718750e+02
2.541852264404296875e+02
2.572228088378906250e+02
2.705889282226562500e+02
2.910791015625000000e+02
2.589035034179687500e+02
2.657699584960937500e+02
2.303135986328125000e+02
2.632015686035156250e+02
2.728266601562500000e+02
2.313561706542968750e+02
2.621419982910156250e+02
2.223239440917968750e+02
2.314972839355468750e+02
2.878558044433593750e+02
2.579267578125000000e+02
2.643684082031250000e+02
2.345384216308593750e+02
2.789244079589843750e+02
2.752190856933593750e+02
2.583365173339843750e+02
2.568105468750000000e+02
2.762171325683593750e+02
1.628333282470703125e+01
2.057451629638671875e+02
2.348201904296875000e+02
2.758746032714843750e+02
2.430033721923828125e+02
2.784157409667968750e+02
2.580154418945312500e+02
2.417341766357421875e+02
2.359120330810546875e+02
2.521269073486328125e+02
2.686153259277343750e+02
2.670188598632812500e+02
2.429801330566406250e+02
2.384871826171875000e+02
2.702340698242187500e+02
2.777857666015625000e+02
2.593316650390625000e+02
2.373732452392578125e+02
2.739826049804687500e+02
2.413809356689453125e+02
2.672518005371093750e+02
1.907872924804687500e+02
2.245364532470703125e+02
2.172968750000000000e+02
2.432038574218750000e+02
2.603453063964843750e+02
2.750799865722656250e+02
2.695851135253906250e+02
2.717791442871093750e+02
2.635997924804687500e+02
2.751428222656250000e+02
2.682431945800781250e+02
2.822959289550781250e+02
2.812560729980468750e+02
2.705419921875000000e+02
2.786098022460937500e+02
2.646140136718750000e+02
2.679298400878906250e+02
2.721865844726562500e+02
2.730731811523437500e+02
2.677196350097656250e+02
2.677173461914062500e+02
2.510937805175781250e+02
2.692896423339843750e+02
2.253869628906250000e+02
2.692041625976562500e+02
2.830704650878906250e+02
2.709783325195312500e+02
2.714414367675781250e+02
2.743212280273437500e+02
2.432943420410156250e+02
2.815248413085937500e+02
2.701454467773437500e+02
2.708832397460937500e+02
2.469816589355468750e+02
2.126026306152343750e+02
2.117563018798828125e+02
2.673941040039062500e+02
2.610785522460937500e+02
1.803616790771484375e+02
2.437309875488281250e+02
2.795708618164062500e+02
2.818574829101562500e+02
2.887052612304687500e+02
2.683156738281250000e+02
1.120531997680664062e+02
2.527706756591796875e+02
2.713447265625000000e+02
2.706845092773437500e+02
2.803045043945312500e+02
2.531697235107421875e+02
2.683347778320312500e+02
2.675319213867187500e+02
2.779593811035156250e+02
2.102559051513671875e+02
2.675057373046875000e+02
2.596374511718750000e+02
2.797565002441406250e+02
2.794384155273437500e+02
2.681050415039062500e+02
2.409491271972656250e+02
2.832123413085937500e+02
2.677972717285156250e+02
2.720805053710937500e+02
2.811635742187500000e+02
2.750143127441406250e+02
2.759413146972656250e+02
2.698598937988281250e+02
2.622449340820312500e+02
2.798867797851562500e+02
2.744168090820312500e+02
2.547338867187500000e+02
2.725311889648437500e+02
2.082984924316406250e+02
2.693606567382812500e+02
2.873877563476562500e+02
2.116485290527343750e+02
2.758980102539062500e+02
2.857578735351562500e+02
2.764423217773437500e+02
2.695169067382812500e+02
1.543302459716796875e+02
2.409212951660156250e+02
-2.025473327636718750e+02
1.659652557373046875e+02
1.957752685546875000e+02
2.657305603027343750e+02
2.384588165283203125e+02
2.772854919433593750e+02
2.401385803222656250e+02
-6.333078765869140625e+01
-2.929886474609375000e+02
-1.972001037597656250e+02
-5.565623092651367188e+01
6.489102935791015625e+01
1.116846542358398438e+02
2.642340698242187500e+02
5.056256484985351562e+01
5.367325973510742188e+01
2.328123016357421875e+02
2.643001098632812500e+02
2.341512756347656250e+02
2.296788635253906250e+02
2.702661132812500000e+02
2.593006591796875000e+02
2.709505004882812500e+02
2.286062469482421875e+02
1.182731704711914062e+02
2.463367004394531250e+02
2.463836975097656250e+02
3.776201248168945312e+01
2.023182220458984375e+02
1.418552398681640625e+02
1.944435424804687500e+02
-3.151537475585937500e+02
2.604672851562500000e+02
-1.352837982177734375e+02
5.082816696166992188e+01
6.837029933929443359e+00
-1.810863342285156250e+02
1.280439300537109375e+02
2.198515930175781250e+02
2.342101593017578125e+02
2.046758575439453125e+02
2.672157592773437500e+02
2.632495117187500000e+02
2.602293090820312500e+02
2.648456115722656250e+02
2.616555786132812500e+02
2.568805541992187500e+02
2.668198852539062500e+02
2.511233215332031250e+02
2.547232360839843750e+02
2.668562316894531250e+02
2.053864440917968750e+02
2.564868469238281250e+02
2.634533996582031250e+02
2.582595214843750000e+02
2.749641418457031250e+02
2.657831420898437500e+02
2.593600463867187500e+02
2.708299255371093750e+02
2.713676452636718750e+02
2.640039672851562500e+02
2.468469543457031250e+02
2.797202758789062500e+02
2.738953247070312500e+02
2.433273010253906250e+02
2.589862976074218750e+02
2.661418762207031250e+02
2.639664916992187500e+02
2.674008178710937500e+02
2.798261718750000000e+02
2.516029357910156250e+02
2.751005249023437500e+02
2.256303710937500000e+02
2.388513488769531250e+02
2.362693328857421875e+02
6.318256378173828125e+01
2.613269653320312500e+02
2.451510772705078125e+02
2.668336791992187500e+02
2.487189025878906250e+02
2.382354736328125000e+02
2.723192749023437500e+02
2.476278533935546875e+02
2.207804260253906250e+02
2.699224243164062500e+02
2.643414916992187500e+02
2.429679412841796875e+02
2.748454284667968750e+02
2.445420684814453125e+02
2.551192169189453125e+02
2.423919982910156250e+02
2.732811889648437500e+02
1.443690490722656250e+02
8.837561035156250000e+01
1.020721893310546875e+02
2.037349700927734375e+02
2.569596252441406250e+02
2.249449768066406250e+02
2.384035186767578125e+02
2.213309326171875000e+02
2.567919006347656250e+02
2.262557678222656250e+02
8.697271728515625000e+01
2.707369995117187500e+02
2.484071960449218750e+02
1.686625366210937500e+02
2.608594055175781250e+02
2.850327148437500000e+02
2.247313995361328125e+02
2.480265197753906250e+02
2.644983520507812500e+02
2.633889770507812500e+02
2.702367553710937500e+02
2.626969299316406250e+02
2.361707305908203125e+02
2.435867614746093750e+02
2.732138061523437500e+02
2.645910949707031250e+02
2.685106811523437500e+02
2.655926818847656250e+02
2.726111450195312500e+02
2.694902954101562500e+02
2.675786743164062500e+02
2.604531555175781250e+02
2.734427795410156250e+02
2.703020324707031250e+02
2.626672668457031250e+02
2.757777709960937500e+02
2.812154846191406250e+02
2.801075134277343750e+02
2.832850341796875000e+02
2.852957153320312500e+02
2.723497924804687500e+02
1.903916320800781250e+02
2.064877166748046875e+02
2.749992065429687500e+02
2.840215454101562500e+02
2.847577514648437500e+02
2.824172973632812500e+02
2.360272674560546875e+02
2.697055053710937500e+02
2.859366149902343750e+02
2.811907958984375000e+02
2.792977905273437500e+02
2.811105651855468750e+02
2.830303955078125000e+02
2.775553894042968750e+02
2.797451782226562500e+02
2.765924682617187500e+02
2.893097534179687500e+02
2.736025085449218750e+02
2.925059509277343750e+02
2.726439819335937500e+02
2.876620483398437500e+02
2.853557739257812500e+02
2.872117614746093750e+02
2.781525878906250000e+02
2.676853942871093750e+02
2.710790405273437500e+02
2.832910766601562500e+02
